   2.0000000e+00  -1.3037826e+00   2.2328567e-02   7.4031764e-02   2.4073031e+00  -1.6724201e+00   2.8839834e-01   4.7475081e-01   1.3286064e+00   3.0279816e+00  -1.9627410e+00
   2.0000000e+00   4.0064459e-02   1.0462639e+00  -2.3350594e-01   5.3213412e-01   2.7128167e-01   1.7296098e+00  -1.2135356e+00  -1.0967571e+00   7.1553852e-01  -1.5498491e-01
   2.0000000e+00   2.0627565e-01  -1.4215873e-01   9.7250113e-01   1.4804191e-01  -4.5143402e-01   1.1410918e-01   7.7184030e-01  -1.9069588e+00   9.4322025e-01   1.7064609e+00
   2.0000000e+00  -2.3384693e-01  -2.0865336e-01  -8.6084386e-01  -2.9729961e-01   5.9515731e-02   1.7029383e+00  -3.0981375e-01  -2.2909070e-01   1.3740635e+00   1.1953706e+00
   2.0000000e+00   1.1987335e+00  -2.0928744e+00  -1.0909366e+00  -2.3326723e+00  -2.4361306e-01   2.3133301e+00  -1.0610372e+00   4.8261171e-01  -7.4879483e-01   1.6205760e-01
   2.0000000e+00  -7.4816528e-01   2.5886182e-01   9.3578660e-02   1.4437470e+00   4.6232212e-01  -1.3083497e+00  -3.0000685e-01  -7.5015084e-01  -3.0763848e-02   3.3459033e-01
   2.0000000e+00   1.2772761e+00  -4.2325894e-01   7.9557400e-01  -3.2556232e-01   1.2050574e-01  -7.0173198e-01   4.0159690e-01  -4.1196092e-03   2.6866327e-01  -1.0836581e-02
   1.0000000e+00  -4.5651965e-01  -4.1945164e-01   1.2462687e+00   1.6959582e+00  -3.9857905e-01   3.9767373e-01   1.5278965e+00   3.3524368e-01   3.6587463e-01   5.8858556e-01
   2.0000000e+00   3.6807331e-01   6.7991727e-01   1.5677256e-02   8.9404271e-01   1.7654646e-01   3.7238045e-01  -1.1493606e-02   1.3143678e+00   2.9911626e-01   1.4772089e+00
   2.0000000e+00  -9.4628935e-01  -7.2102332e-01  -6.7414081e-02   2.2912333e-01  -9.6010656e-01  -3.7500386e-01   9.1138847e-01  -2.0826490e+00   7.3155248e-01   1.5021708e-01
   2.0000000e+00   3.2439567e-01   1.6045494e+00   2.0700338e+00   3.3258918e-01   5.7950828e-01  -2.4905006e-01   1.1218563e+00  -5.1855604e-01  -1.5108637e+00   1.3941525e+00
   2.0000000e+00   8.5872709e-01  -8.6655553e-01  -8.2748843e-01   4.9217030e-02  -2.9020533e-01  -2.5081250e+00   1.1769882e-01   1.4311618e+00   1.8535210e+00   5.8518937e-01
   2.0000000e+00  -1.1506576e+00   1.2120468e-01   1.4542727e-02   7.3495696e-01  -4.0338370e-01   7.3064088e-01  -1.4233575e+00  -9.4582084e-02  -6.5695925e-01   9.8067532e-01
   2.0000000e+00   1.1554140e+00   3.5515964e-02   2.4670105e-01  -4.2287797e-01   1.1607509e+00   5.4547749e-01  -2.3936538e-01  -2.5882661e-01  -3.9267973e-01  -8.1454682e-01
   2.0000000e+00   9.2049080e-02   9.1925689e-01  -2.7065601e-01  -3.8749263e-01  -3.0250970e-01   2.1384735e+00  -1.5007437e+00  -5.9914967e-01  -8.7309028e-01   5.1837548e-01
   2.0000000e+00   1.3472059e+00   9.7748702e-01  -7.6825791e-01  -7.9147423e-01   2.0013015e+00   1.0519025e+00  -5.9500115e-01   1.2135816e+00   1.6143992e-01   1.2326965e+00
   2.0000000e+00   1.0734201e+00   1.6710729e+00  -9.9387280e-01  -1.0740622e-01   3.8761782e-01   8.7230475e-01   1.5922774e+00  -5.1570051e-01  -6.2715434e-02   2.1691261e+00
   2.0000000e+00   1.3253676e+00  -4.9382161e-01   6.8567219e-01  -7.3464186e-01  -7.8642738e-01   6.1684340e-02   3.1544943e-01  -9.2608715e-01  -1.2178246e+00  -2.0936322e-01
   2.0000000e+00   6.2282921e-01  -2.2176493e+00   4.0475373e-01   4.3402755e-01  -4.8730970e-01  -2.3633037e-01  -1.7203901e+00  -9.5320652e-01  -1.5718724e+00  -7.8681407e-01
   2.0000000e+00   2.9860435e-01   7.8559482e-01   2.3585797e-01   1.4052791e-01   5.8290790e-01   8.9141917e-01   2.1636189e-01  -1.4626014e+00   1.0217743e+00   7.0376288e-01
   2.0000000e+00   4.1585342e-01   1.2094137e+00  -2.6937791e-01  -1.5838196e+00   4.3581359e-01  -8.0212889e-01  -1.1940167e+00  -1.4760569e+00   1.8909132e+00   1.1904474e+00
   2.0000000e+00   2.1532879e+00   8.3375941e-01   1.3726312e-01   6.0078651e-01  -1.1249066e+00  -9.5009058e-01  -1.4110118e+00   4.4325535e-01  -3.8852524e-01  -4.2373306e-01
   2.0000000e+00  -1.0350651e+00  -1.2572420e-01   7.2112006e-01   3.4161729e-01   2.0224662e+00   2.2718307e-01  -1.7330094e+00  -7.7231850e-01  -2.8204750e-01   1.0694306e-01
   2.0000000e+00   8.1923904e-01  -1.0281234e+00   1.8791362e-01  -4.0536135e-01  -1.4258800e+00   1.1045274e+00   5.0846037e-01  -1.7227223e+00  -1.4820112e-01   1.1901687e-01
   1.0000000e+00  -1.1503986e-01  -3.5087581e-01  -3.3896287e-01  -9.6176843e-02   3.6861244e-01   5.0823902e-01   1.5911850e+00   4.8120777e-01   4.7230551e-01  -1.2263742e+00
   2.0000000e+00  -1.2623832e+00  -2.2347432e+00   6.5696481e-01  -1.0922711e+00  -6.7864413e-01   4.4657253e-01  -3.2301696e-01   6.9359963e-01   1.0633318e+00   1.3247418e+00
   2.0000000e+00   6.6640796e-01  -7.5359264e-02  -1.0913895e+00  -7.7251366e-01  -7.2363174e-01   1.3160922e+00  -1.8774387e-01  -3.5328077e-01   9.8646670e-02  -2.4791107e-01
   2.0000000e+00   3.3394040e-01   7.5885420e-01   1.7039000e+00   5.4659870e-01  -3.5703472e-01  -1.0856177e+00  -9.6596228e-02  -6.5811202e-01  -2.3931177e-02  -1.9466188e+00
   2.0000000e+00  -4.6697366e-02   1.2375137e+00   2.0124823e-01   7.4751599e-01   1.1892106e-01  -1.9186367e-01   2.8353948e-01  -5.8329653e-01   1.0839395e+00   1.7221776e+00
   2.0000000e+00  -7.9963080e-01  -1.8543908e-01   5.0941654e-01   1.6132965e+00  -4.0928554e-01  -1.2614050e+00  -3.0964481e-01   8.1601022e-01   2.8994719e-01  -6.7426911e-01
   1.0000000e+00   1.3097603e+00   1.0044885e+00  -2.7093383e-01  -2.5562496e-01   2.5383610e-01   5.3438771e-02   1.3797934e+00   6.3232361e-01  -2.0685239e+00   1.0680718e+00
   2.0000000e+00  -1.0797689e+00  -2.3020039e+00   1.7148056e+00   2.0563334e+00  -5.6445876e-01  -1.5687528e+00  -6.2946022e-01   2.3781879e-01  -1.1159768e+00   7.6592450e-01
   1.0000000e+00  -2.7512491e-01   1.1916462e+00   1.4986839e-01   1.0496356e+00  -1.0898182e+00  -4.6550163e-01  -1.9930806e+00   3.0031418e-01  -4.4756728e-01   1.0049183e+00
   2.0000000e+00  -6.1816699e-01   1.1305980e+00  -1.0034892e+00   3.3531702e-01   1.3023751e+00  -9.5263939e-01  -1.2738399e+00   4.1026490e-01   1.4204877e+00   1.2563587e+00
   2.0000000e+00   3.1620864e-01  -9.4586735e-01   1.3999483e+00   7.0674840e-01  -1.0607808e+00  -9.7571214e-02  -4.0612162e-02  -5.2135362e-01   5.1677997e-01  -7.3249752e-01
   2.0000000e+00  -3.2548241e-03  -6.5286213e-01   1.1741065e+00   8.1345365e-01  -6.5344870e-01   3.0856577e-01  -6.8679070e-01  -8.1623887e-01  -1.9359771e+00  -1.5128002e+00
   2.0000000e+00   8.5371383e-01  -9.7841175e-01  -3.8410378e-01   1.7652387e-01  -1.7939043e+00   1.6831548e+00   1.4373085e+00  -7.0294302e-02   9.9578860e-01   1.9614948e+00
   2.0000000e+00   8.6734306e-01   2.7506606e-01   1.2135857e+00   4.4414990e-01   1.2721154e+00   1.1549003e+00   1.0813381e+00   1.5435719e+00  -7.1694246e-01   1.4775032e+00
   1.0000000e+00  -4.0818374e-01  -1.4143439e-01  -1.1570084e+00  -9.8550535e-02  -7.1706922e-01  -7.1348688e-01   1.4165510e+00   5.3425346e-01   2.2754845e+00  -2.5537200e-01
   2.0000000e+00   1.3477127e+00  -2.0629394e+00   6.9428086e-01  -1.3530839e-01   5.6420353e-02  -5.7267584e-01   7.2553756e-01   3.4945986e-01  -6.5983625e-01  -1.8986404e+00
   1.0000000e+00  -1.0868723e+00  -9.6165972e-02   6.4326827e-01  -5.6790988e-01   1.8509170e+00  -3.6022812e-01  -1.4804473e+00   3.1087018e-01  -9.0765907e-01  -7.9188691e-01
   1.0000000e+00   1.0560427e-01  -5.9379622e-01  -5.1299201e-01   1.7035318e+00  -2.0016844e-02  -2.3703775e-01  -1.5344611e-01   4.2879956e-01  -1.9190753e+00  -1.2066534e+00
   2.0000000e+00   5.8584084e-01  -9.4622129e-01   1.3599509e+00   1.1834440e+00  -3.0176899e-01  -3.8991784e-01   1.1561375e-01  -1.3664511e-01   3.7567118e-01   8.4239077e-01
   2.0000000e+00   1.0195821e-01   1.3577179e+00  -1.3506169e+00   1.4845496e+00  -1.9852048e+00   1.4509296e+00   1.7783767e+00  -1.2330704e+00   4.6696727e-01  -8.0353338e-01
   2.0000000e+00  -1.7943549e-01  -1.6051199e+00  -6.3681657e-01  -1.4715138e-01  -8.2828377e-01   4.2695644e-01   5.5520263e-01  -2.2011630e-01  -1.6382091e+00   4.8795515e-01
   2.0000000e+00  -2.1304285e-01   1.7700238e-02  -1.2822014e+00   9.6226640e-01  -1.4611288e+00   6.9690445e-01   4.8458746e-01   9.6178407e-01   7.3726423e-01  -7.0486818e-01
   2.0000000e+00  -5.4291384e-01  -1.5409062e+00  -5.7254668e-01  -1.8830003e-01   6.2123186e-01  -8.4998226e-01  -1.1910582e+00   8.7771300e-01   1.3502279e+00   2.5463215e-01
   1.0000000e+00   1.1580749e-01  -7.5469876e-01   5.3737463e-01  -2.0212602e+00   1.8589239e+00  -4.1691026e-01  -1.8271918e-01   6.0956166e-01  -8.0742220e-01   1.0908244e+00
   2.0000000e+00   9.8710284e-02   1.2118679e+00   1.2200659e+00   7.7574894e-01  -5.4664517e-01  -1.2876986e+00  -1.0009790e+00  -4.9707839e-01   2.5951698e-01   1.0868827e+00
   2.0000000e+00   2.2272264e-01   1.1080492e+00  -4.6456891e-02  -7.0237449e-01  -1.0511597e+00  -6.0523331e-01   4.5074323e-01  -1.6923984e-01  -1.6470638e-01  -5.2960180e-01
   2.0000000e+00  -1.1449255e+00   7.7178362e-01   2.2082073e+00  -7.3004965e-01   9.2665704e-01  -9.2078221e-01   1.4234562e+00   1.2753555e+00  -2.0826107e-01  -5.9474566e-01
   2.0000000e+00  -5.3173274e-01  -2.0628544e+00  -3.4140618e-01   4.4453263e-01  -1.4846435e+00   8.7875559e-01   1.9312174e+00   4.1448412e-01  -2.7805877e-01  -1.9990423e-01
   2.0000000e+00  -1.8705531e+00   4.6733898e-01  -3.1090038e-01  -3.1365307e-01  -8.8646252e-02   2.3080301e-01   1.9631094e-01   1.3782795e+00  -2.3564687e-01  -1.9962453e-01
   1.0000000e+00  -7.9819080e-01  -5.9537543e-01   4.5219309e-01   2.4290669e-01   5.1129768e-01   7.9606879e-01  -2.3556494e+00   2.7989077e-01   2.0944702e-01   2.1402351e+00
   2.0000000e+00  -1.3783541e+00  -4.2235224e-02  -6.6580872e-01  -1.2686049e+00  -7.7373878e-01   9.3164259e-01  -1.7412384e+00  -1.6960909e+00   4.9928013e-01  -7.3936428e-01
   2.0000000e+00   6.0215954e-01   8.4458842e-01  -9.1686239e-01   1.3222136e+00   6.3323960e-02   1.1481127e+00  -1.2704299e+00   7.9497291e-01  -1.2576781e+00   3.9095239e-02
   1.0000000e+00   2.6009284e+00   2.6650076e-01   5.1376045e-01   8.7547692e-01   7.1311368e-01  -6.3779207e-01   6.5156939e-01   2.7979010e-01  -5.2941265e-01  -4.0797213e-01
   2.0000000e+00   1.3358663e+00   2.2500204e+00   5.1554652e-01  -3.4995205e-01   3.5308985e-01  -3.4103475e-01   3.7049863e-01   5.4082368e-02  -6.0587166e-02  -1.8184824e+00
   1.0000000e+00   4.2316073e-03   9.3162655e-01  -6.3015398e-01   5.2311204e-01   5.1089494e-01   2.7567622e-01  -1.2656614e+00   4.5297526e-01  -1.7247742e-02   1.2959706e+00
   2.0000000e+00   3.9159445e-01  -1.3051306e+00  -5.2334640e-01  -5.9783612e-01   7.7444658e-01   2.0647672e-01   1.1387006e-02  -3.7416934e-01   1.4848019e+00  -1.3841602e+00
   2.0000000e+00   2.4321063e-01  -2.8793720e+00   1.2335307e+00   1.3378296e+00  -1.7472782e+00   8.3255348e-01   1.1925404e+00   9.2272343e-01  -2.0737109e-01   1.3547634e-01
   2.0000000e+00   8.8297617e-01   3.3251520e-01  -1.9356749e-01   5.3253906e-01  -1.5542074e+00   8.2448127e-01   3.5044615e-01  -1.1935111e-03   6.8861616e-01  -1.3200190e-01
   2.0000000e+00   1.4517405e-01   3.8230487e-01  -1.4549895e+00  -5.0029254e-01  -8.2849968e-01  -1.6175800e-01  -1.0783558e+00  -5.7093311e-01  -7.5453752e-02   9.8645904e-01
   2.0000000e+00   9.8457653e-01   5.5022969e-01  -3.8635072e-01  -1.5638322e+00   3.3425078e-01   1.0622107e+00   1.7460077e+00   2.9156402e-01  -6.9837585e-03   1.0962898e+00
   2.0000000e+00   6.1977167e-01  -1.8958749e+00   6.1312004e-01  -3.1080711e-01  -5.4860702e-01  -1.7552907e+00  -1.0330565e+00   5.4024191e-02  -1.3020510e+00   2.8480151e-01
   2.0000000e+00  -1.1100841e-01  -2.0252953e-01  -1.6060364e+00   1.8455632e-01   1.4314864e+00  -1.3950234e+00   8.1004898e-02   4.8946171e-01   8.7610746e-01  -3.4927289e-01
   2.0000000e+00  -3.5126871e-01  -3.8932762e-01   2.0939215e-01  -1.0982715e+00  -1.9627421e+00  -3.6190787e-01  -6.3710137e-01   1.2316207e+00   4.8036554e-01   3.3248792e-01
   1.0000000e+00  -6.9109586e-01  -1.3448331e-01  -4.3280245e-01  -2.0496762e-01  -1.8382721e-01  -6.6383922e-02  -1.2049583e+00   6.6882934e-02   8.8684076e-01  -7.3348682e-01
   2.0000000e+00   1.2515157e+00   1.1824489e+00   9.1634247e-01   8.1661372e-01  -1.2453638e+00   9.9865952e-01   9.1051861e-01   1.3910387e+00  -1.4576295e+00   1.3194769e+00
   2.0000000e+00   1.7103533e+00   4.2859643e-01   4.2003286e-01   1.0231296e+00  -1.3028768e-01   6.3750205e-01  -1.5721619e-01  -1.2392848e+00  -5.7646368e-01   1.0101860e+00
   1.0000000e+00   7.3255966e-01   1.8019339e+00  -1.1074609e+00   1.1806215e+00   6.5835862e-01  -1.4393955e-01   1.2687716e+00   2.0396679e-01   1.2104344e+00   8.3599476e-02
   1.0000000e+00   5.3613685e-01   2.9118136e-01  -2.4293202e-01  -6.2740377e-01  -1.9897656e+00   5.2133382e-01  -1.5821299e+00   2.8197662e-01  -6.7239710e-01  -9.3973232e-01
   1.0000000e+00  -8.0447654e-01  -1.1035824e+00   1.5858462e+00   1.1679102e+00   4.9384298e-01   3.7322860e-02  -2.5377379e-01   2.1371550e-01  -1.2312317e+00  -1.4500957e-01
   2.0000000e+00  -2.1774691e-01   4.2533054e-01   8.3649757e-01   1.2975563e+00   2.4741735e-01   1.3683674e+00  -6.3638241e-01  -1.1805776e+00   6.2023101e-01   1.3711532e+00
   2.0000000e+00  -1.6789220e-01   2.6523764e+00   1.1515415e+00  -1.8168667e-01   9.3015840e-01   7.5417078e-01  -3.9806734e-01   2.4403770e-01  -6.9163926e-01   6.7032579e-01
   2.0000000e+00  -1.5113010e-01  -2.4932604e+00  -1.2741179e+00   1.8551580e+00  -5.0069533e-01  -1.1503785e+00   2.8842071e+00  -1.3426952e+00  -9.6275727e-01   1.0121493e+00
   2.0000000e+00  -2.1060620e+00  -1.5768239e+00  -8.2730182e-02   1.0380152e+00   9.7138902e-01  -1.4152674e-01  -6.0186229e-01   1.6044784e+00  -3.6177408e-01  -1.2022728e-01
   2.0000000e+00  -6.5880632e-01   5.5221197e-01   5.5162237e-03  -1.4519057e+00   2.7692279e-01  -1.3587585e+00   8.6833385e-01   1.4229865e-01  -3.9677874e-01  -1.1384437e+00
   2.0000000e+00  -6.4947494e-01   9.0730622e-01   9.0860100e-03   1.6677487e-01   3.0797039e-01  -3.0498008e-01   1.4077130e+00  -6.4449710e-01  -6.3163386e-01  -8.8473999e-01
   2.0000000e+00   5.2050922e-01  -1.9691373e-01   1.3928268e+00   7.8739318e-01  -1.1321544e+00  -1.5991138e+00  -1.5384833e+00  -1.7546590e+00   8.5345212e-01  -7.1242509e-01
   2.0000000e+00  -7.5943183e-02  -7.7553570e-01  -4.9006021e-01   4.1898298e-01  -2.5047279e-01  -5.3974665e-01   1.3898649e+00  -3.5633962e-01   2.3137828e+00   5.8650600e-01
   2.0000000e+00   2.3462388e+00   6.0929590e-01   5.0183176e-01  -1.8682008e-01   1.4793904e+00  -2.2411998e-01   7.0261072e-01   9.4577262e-01  -1.5632593e+00  -1.5345058e+00
   1.0000000e+00   2.7919917e-01  -7.4118007e-01   1.5154040e+00  -1.0215705e+00   2.7462944e-01  -2.1566049e-01  -3.7544323e-01   4.9439083e-01  -4.6647762e-01  -5.9863799e-02
   2.0000000e+00   4.0967430e-01  -4.4117741e-01   1.9457609e+00   1.0914716e+00  -1.0109688e+00  -5.2528290e-01   9.2468470e-01  -1.0761815e+00  -1.0739216e+00   1.4029414e+00
   2.0000000e+00   5.9666724e-02   1.0351652e+00   1.9106476e-01   9.1853130e-01  -4.2593000e-01  -1.1334904e+00  -1.4926265e+00   1.5774066e-01   4.2380158e-02  -2.4278767e-01
   2.0000000e+00   2.2534414e-02  -2.0572353e+00  -1.1734463e+00   3.1413923e-01  -1.2431611e+00  -2.6470351e-01   2.8030877e-01   1.7301040e-02   8.9008964e-01  -2.5500961e-01
   2.0000000e+00  -1.6337418e+00   9.3731904e-01  -3.0720349e+00  -8.2135845e-01   6.1695818e-01   5.4760490e-01  -5.8388261e-01  -6.1049244e-01  -8.4012050e-01  -1.7413002e+00
   1.0000000e+00   5.0605283e-01   1.5165709e+00   7.3796994e-01  -6.6083050e-01  -8.3399411e-01  -5.2737521e-01   8.0679444e-01   4.4582286e-01   4.4631149e-01  -4.2744230e-01
   2.0000000e+00   1.4516407e+00  -4.0673670e-01  -5.7041929e-02  -1.7489058e+00   1.5411938e+00  -2.5056778e+00  -4.7910640e-01   5.8137261e-01   2.5229197e-01   1.0987105e+00
   2.0000000e+00   1.1448809e+00  -5.0540001e-01  -1.6954886e-01   1.8142264e-01  -4.3547979e-02  -9.7403275e-02  -1.3469305e-01  -2.1685695e-01   4.2102362e-01   6.7652675e-03
   2.0000000e+00   6.0793983e-02   5.7149760e-01  -1.4335559e+00   1.6696262e+00   2.6474659e+00   1.8179319e+00  -1.8844565e+00   1.2814543e-01  -2.2768892e-01  -2.9850923e-02
   2.0000000e+00  -2.6598477e-01  -4.3031905e-01  -4.6046638e-01   9.6833424e-01  -1.4367728e-01  -1.1332790e+00   6.6005825e-01   6.1420785e-01   5.3455319e-01   1.3673477e+00
   2.0000000e+00  -5.9435540e-01   3.0177783e-01  -6.4038262e-01  -3.7025006e-01  -7.7279568e-01  -1.7870232e-01  -1.4109247e+00  -1.0795701e-01   1.6314155e+00  -1.9724103e+00
   2.0000000e+00   1.0244032e+00  -9.9698931e-01  -6.7663966e-01   2.5773489e-01  -1.2540856e+00   4.2027551e-01   5.7322904e-01  -6.7236144e-01  -1.2742963e+00  -4.0425989e-01
   2.0000000e+00  -7.7901651e-01   7.4043495e-01   5.1494219e-01   8.0499410e-01  -6.4982654e-01   3.2980348e-01   7.0563501e-01  -3.7405033e-01   1.3109712e+00  -1.1178290e+00
   2.0000000e+00  -1.1276145e+00   4.0294726e-01   1.4736244e-01  -1.1980538e-01   9.2052154e-01   1.1814454e+00  -1.6365720e+00   1.7477539e-01  -8.4393982e-01  -1.0121765e+00
   2.0000000e+00   4.0592524e-01   2.5453160e-01   7.7566954e-01  -3.0844053e-01   1.4745185e+00  -8.2440461e-02   5.1589945e-01   1.8700012e+00   1.0517397e+00   1.2868657e+00
   1.0000000e+00  -1.2431106e+00  -6.1686025e-01   8.0850901e-01  -8.9782824e-01   1.9556401e-02  -4.8440924e-01  -4.2459859e-02   7.0969740e-01  -2.3103961e-01   2.9031192e-01
   2.0000000e+00  -6.0995096e-01   1.0881043e+00   1.5766655e+00   2.0610008e-01   9.3188578e-01   3.9254790e-01   6.8933582e-01   1.2569529e+00   6.5430176e-01  -8.0463469e-01
   2.0000000e+00  -5.7131729e-01   6.9506943e-01  -2.1079230e-01  -3.2119686e-01  -1.0644633e+00  -1.0857316e+00  -4.1169759e-01  -4.3309030e-01   5.1061257e-01   7.9345712e-01
   2.0000000e+00   1.2392258e+00   2.4665292e-01   9.8381248e-01   1.4930759e+00  -2.9474727e-01  -3.9037347e-01   5.6961100e-01  -6.1728254e-01  -2.5986127e+00   3.3922274e-01
   1.0000000e+00   1.4817194e+00   1.3768905e+00  -4.8287425e-01  -1.3974680e-02  -1.6155026e+00   2.9664309e-01   1.1456572e+00   4.3524260e-02   3.8900796e-01   1.9530566e+00
   2.0000000e+00   1.3091776e-01   8.4217144e-01  -1.3208994e+00  -3.6299345e-01   1.7764933e-01   1.8363948e+00   7.2397879e-01   2.6705765e+00   5.5524389e-01   2.5096561e-01
   2.0000000e+00  -9.2968510e-01   4.3244468e-01   3.3891100e-01  -7.3175532e-01   9.4956402e-01   9.1001307e-01  -4.2044298e-01   4.6710170e-01   6.9623436e-01   9.0527591e-02
   1.0000000e+00   3.3066120e-01  -1.0540886e+00   1.2176150e+00  -7.5657137e-01  -4.0365337e-01   6.2296983e-01  -1.3127719e+00   4.2261138e-01  -5.0646666e-01  -1.9357803e+00
   2.0000000e+00  -1.5221029e+00   3.5915795e-01   1.2097713e+00   3.0774393e-01   6.6084738e-01   5.0258097e-01  -6.7683685e-01  -1.2206680e+00  -8.3253594e-01  -3.4660910e+00
   2.0000000e+00   1.1162409e+00  -1.8299217e-01   1.0318658e+00  -1.3516103e+00  -4.4169687e-01   1.0895638e+00   4.6682564e-01  -1.8106479e+00  -6.0288214e-01   2.6636340e-01
   2.0000000e+00   1.4737123e-01  -9.4394489e-01   8.9603776e-01  -2.1643904e-01   1.6187374e+00   1.3211599e+00  -2.5787702e+00   7.4761020e-02  -2.0366004e+00  -6.5059642e-01
   2.0000000e+00  -7.5874087e-01  -4.9019486e-01  -1.0678081e+00  -1.7746959e-02   9.6005593e-01  -1.2764807e+00  -7.3435692e-01   2.1088737e+00  -1.5827826e-01  -1.1826851e+00
   2.0000000e+00  -7.8927459e-01  -4.3454222e-01  -7.6143787e-02  -1.2589897e+00   2.9495998e-01   1.0487054e+00   9.2597312e-01   2.4333312e-01   1.2479351e+00   2.5380975e-01
   2.0000000e+00   1.0361884e+00  -1.4432296e+00   6.6311163e-01  -3.0052774e-01  -1.8141549e+00   4.8391224e-01   8.2248552e-01  -1.7323660e+00  -4.0984922e-01  -1.2910685e+00
   2.0000000e+00   8.1952188e-01   6.2606513e-01  -8.3125421e-01   6.9514639e-01  -1.8824331e+00   1.6757677e-01  -5.2031575e-01  -8.2559384e-01   1.2296830e+00  -7.7596205e-01
   2.0000000e+00   1.4180806e-02  -2.1534858e-01   1.0676633e-01   5.1291269e-01  -2.2143765e-01  -3.0579665e-01  -5.1671468e-01  -1.0040129e+00  -2.0068907e+00  -2.6364593e-01
   2.0000000e+00  -2.4471767e-01   5.2658141e-02   1.5156878e+00   1.9622138e-01  -1.2503271e+00   1.3829995e+00   3.6039589e-01  -9.0220644e-01  -5.3651593e-01   1.1031913e+00
   2.0000000e+00   1.1015287e+00  -1.0530514e+00   1.4269277e+00   1.6234507e+00   8.0403212e-01  -7.2579693e-01  -2.3846636e+00   1.3548758e+00  -7.5707311e-01  -1.0454630e+00
   2.0000000e+00  -1.0010168e+00  -7.4583900e-01  -5.2267661e-01  -9.6318936e-02   1.7807080e+00   5.7985142e-01  -5.6173265e-01   2.2774600e+00  -2.0980560e-01  -1.5797271e+00
   2.0000000e+00   3.4244082e-01  -2.7618981e+00   1.0556071e+00   5.3498481e-01  -6.7672676e-01   3.2909350e-01  -8.9098365e-01  -4.5444036e-02   8.6913520e-01  -9.2044053e-01
   1.0000000e+00  -7.5305870e-01   6.4133970e-01   2.0630088e+00   7.1626113e-01  -4.5605175e-01  -3.9692683e-01   1.1121610e+00   3.1633933e-01  -7.2078363e-01   8.2758219e-01
   2.0000000e+00  -1.4746215e-01   1.2015027e+00  -1.0945897e-01   1.1882734e+00   4.2373698e-01  -1.4686627e+00   1.0764276e-01  -4.2711191e-02  -8.6170534e-01  -9.6495573e-01
   2.0000000e+00  -5.3295308e-01   4.1829046e-01  -5.3682533e-01   1.0120625e+00  -6.4043726e-01   7.3351760e-01  -1.3252862e+00   1.6906065e+00  -2.0573523e-01  -1.5416111e+00
   2.0000000e+00   3.3775371e-01   1.5443640e-01   7.4231364e-01   6.5922423e-01  -9.6946853e-01  -2.1127200e+00  -9.9897042e-01  -1.9096036e+00   6.3318079e-01   1.7194461e+00
   2.0000000e+00   7.3959307e-01   1.0039228e+00   5.7538830e-01   9.7342111e-01  -3.2264291e-01   2.6686108e+00  -8.3400635e-01  -2.5339070e-02  -1.6516861e+00  -2.4682815e+00
   1.0000000e+00  -3.2086335e-01  -3.4143470e-01  -1.7489100e-01  -1.8609905e+00  -1.3127186e-01  -4.6775618e-01  -8.3460073e-01   7.2518055e-02  -2.1882628e+00   3.8824731e-01
   2.0000000e+00  -1.7068858e+00  -8.4394349e-01  -5.4700413e-01   3.9345644e-01  -3.9731552e-01  -1.4591516e+00   1.2465021e+00  -4.9616173e-01  -5.4487439e-01   7.5125187e-01
   2.0000000e+00  -1.2606710e+00  -2.8422882e+00   2.5194423e+00  -3.5686320e-01   8.2674038e-01   1.7678773e+00   1.1768086e+00  -5.5513927e-01   1.1628167e+00  -1.6028937e+00
   2.0000000e+00   2.1272115e+00   4.3530624e-01  -3.1689483e-01   4.1604316e-01  -8.9646188e-01  -8.9487980e-01  -1.0088307e+00   9.1929809e-01  -1.4124965e+00  -7.0162821e-01
   2.0000000e+00  -1.9249420e-01   2.2652515e+00  -8.4268806e-01   1.1374889e+00  -4.6723444e-01   2.3437441e+00  -1.5640473e+00   3.6101669e-01  -6.0649131e-01  -9.3176756e-01
   2.0000000e+00   3.4262828e-02   2.3061843e-01  -1.3438466e+00   3.5658165e-01  -3.4929762e-01  -1.0845645e+00  -5.6586730e-01  -4.2999790e-01  -4.7622646e-01   5.8509792e-01
   2.0000000e+00  -1.0461422e-01  -6.9473709e-01  -5.3918591e-01   1.6010705e-01   3.0352172e-01   1.5325571e+00  -8.6538430e-01   5.1405685e-01  -2.1904847e-01  -7.0688470e-01
   2.0000000e+00  -1.0170084e+00  -1.0748401e-01  -1.3545164e-01   7.1938805e-01   6.9224536e-01  -5.5077398e-01  -1.2448839e+00   1.0855096e+00  -6.8336502e-01   1.4352829e+00
   2.0000000e+00   1.6758213e-01   1.8490936e+00   1.3718959e+00  -9.0798739e-01   2.3581280e-01  -8.6119192e-01   2.2189202e-01  -4.5672554e-01  -9.0212582e-01   3.9260205e-01
   2.0000000e+00   1.2029229e+00  -8.3658582e-01   9.3942387e-01   5.3413003e-01   1.5921820e-02  -1.0410893e-02  -4.2272128e-01   1.9640642e+00  -1.0377002e+00   1.4803504e+00
   1.0000000e+00  -2.0781968e+00  -7.1286502e-01  -9.1752361e-01   8.6709070e-01   3.5506605e-01   6.9521590e-02   3.2130462e-01   3.2014313e-01  -3.8808160e-01   2.5739586e+00
   2.0000000e+00  -4.3779845e-02   1.1893693e-03  -1.9388376e-01   7.1486634e-01   4.3787323e-01   1.5856124e+00   1.9205093e+00   1.0475385e+00   1.0940568e+00   1.3870468e+00
   2.0000000e+00   1.5883323e+00  -2.4398619e-02  -9.3669593e-01   1.9715058e+00  -8.9312038e-01  -6.1593358e-01   1.7434675e+00  -4.5694681e-01   1.1750878e+00   9.5160883e-01
   2.0000000e+00   8.9914406e-02  -1.3323653e+00   2.9294301e-01  -4.8711885e-01  -3.0682215e-01   3.4476856e-01  -8.1489135e-01  -9.1802960e-01  -9.6787457e-01  -1.1668308e+00
   2.0000000e+00  -1.8118041e-01  -5.5821825e-04   1.0785694e+00  -1.9586787e+00  -1.7085134e+00   1.0402497e+00  -6.2858117e-01  -7.7266464e-01   1.1328841e+00   4.8526172e-01
   2.0000000e+00  -1.1204056e+00   3.3993099e-01  -3.8996744e-01   8.7261558e-01   2.3620975e+00  -7.0343086e-01   1.1295281e+00   1.5839185e+00   1.4126477e-01  -1.9696623e-01
   2.0000000e+00   9.9637007e-01  -6.4628953e-02   1.6381692e-01  -7.6413786e-01  -4.6186087e-01  -1.0935475e+00   1.9509203e+00   4.3140162e-01   5.8856250e-01  -6.1315308e-01
   1.0000000e+00   6.7969640e-01   1.9038613e-01   1.2144756e+00   3.6381608e-01  -2.4031668e+00   2.1480795e-01  -3.5198969e-01   8.4944989e-01  -1.2712065e+00  -1.9043130e+00
   2.0000000e+00   2.0753118e-01   1.2481651e-01  -2.8290860e-01   1.0638036e+00  -1.8150542e+00   2.5592749e-01  -8.4035379e-01  -2.2564989e-01   5.0252804e-01   4.6127616e-01
   2.0000000e+00  -7.7228192e-01   4.5797711e-01  -6.3030603e-01  -2.5586699e-01  -1.0170123e+00   6.2334605e-02   8.9065378e-01   1.5578765e+00  -1.3634553e-01   2.5098249e+00
   2.0000000e+00  -8.6240792e-01  -1.3033569e+00   4.4508842e-02   1.9785312e-01  -1.2187247e+00   1.5802976e-01  -7.7463343e-01  -1.8060761e-01   5.1258891e-01   7.8808586e-01
   2.0000000e+00  -5.7314411e-01   7.7406369e-01   1.0722259e+00   7.1096139e-01   1.0820572e-01  -9.0476514e-01  -7.0445455e-01  -8.8830626e-01   9.0908205e-01  -1.3519673e+00
   2.0000000e+00   4.9142378e-01   1.8198487e-01  -1.4973488e+00  -7.2950894e-01  -6.7426283e-01  -1.8252315e-01   1.6915488e-01  -7.3924344e-01  -9.0471661e-01  -6.3376840e-01
   2.0000000e+00   1.1763641e+00   1.2095888e+00  -7.7165718e-01  -5.0209707e-01  -7.7388180e-01  -9.6420351e-01  -6.0571505e-01  -1.3782239e+00  -2.7085806e-01   3.8583673e-01
   2.0000000e+00   1.0045676e+00   7.6093956e-01   3.2006816e-01   6.3216518e-01   1.3626794e-01   2.3749506e+00   2.1027449e-03  -4.8874761e-01   2.2862632e+00  -1.1162195e-01
   2.0000000e+00   1.7910875e-01   3.3066181e-01   8.6449421e-01   2.8312330e-01  -7.8307750e-01  -2.0711255e+00   1.3610795e+00   7.0940702e-01   9.4576401e-01  -8.7455560e-01
   2.0000000e+00  -3.3552333e-01   4.4765499e-02   9.7180471e-01   2.4799350e-02  -1.4574164e-01   3.4661157e-01  -1.7875138e+00  -1.1844520e+00  -6.6525033e-01  -4.5493325e-02
   2.0000000e+00  -2.1433205e+00   1.1285093e-01  -2.6009322e+00  -3.2266321e+00   7.7671266e-01   7.7751561e-01  -1.5470121e+00   1.6953551e+00  -1.1052578e+00  -5.2387127e-01
   2.0000000e+00  -1.5771841e-01  -2.4022494e+00   1.6187637e+00  -9.0609886e-01   8.0552918e-01  -1.0585474e-01   1.3562479e+00  -1.0055750e+00  -1.7660247e+00   5.2636993e-01
   2.0000000e+00   1.4535294e+00   2.0327562e-01  -2.3486289e+00   3.2932213e-01   4.3091813e-01   1.0731705e+00   2.3392613e-01   2.8226120e-01  -3.8769635e-01  -1.1687128e+00
   2.0000000e+00  -1.9328241e-01   2.0794764e+00  -1.1020089e+00  -6.5142562e-01  -1.4703012e+00  -1.1160139e+00   6.2692242e-01   3.0795661e-01   4.3396228e-01  -7.7037057e-01
   2.0000000e+00  -4.3778140e-01   2.3926300e-01  -1.1263846e+00  -1.0530800e+00   9.4876418e-01   9.7071439e-01  -2.2906618e-01   2.5517167e-01   1.6104544e+00  -3.3845108e-01
   1.0000000e+00   9.3941018e-01   5.5562371e-01  -8.1032480e-01  -6.5961006e-01  -1.4037397e+00  -4.9779715e-01   7.9904021e-02   3.9902625e-01  -1.8048611e-01  -3.4991911e-01
   2.0000000e+00  -8.3727928e-01  -9.7514737e-01  -1.5508356e-01  -1.0892083e-02   1.3144969e+00  -8.3360942e-01   2.7182375e-01   8.5898870e-01   6.3184932e-01  -7.0628274e-01
   1.0000000e+00   1.4551090e+00  -1.4426806e+00  -3.0996150e-01  -1.2858061e+00   1.3095879e+00  -5.9979436e-01  -1.2494561e+00   2.7605264e-01  -2.7075171e+00  -1.1031543e+00
   2.0000000e+00  -1.4486244e+00   8.5284199e-01  -9.7677661e-01   4.7978567e-01  -2.1000427e-01  -1.2694790e+00  -1.0003271e+00   1.0378928e+00  -8.1975403e-01   1.7631702e+00
   2.0000000e+00   1.1941258e+00  -7.4472463e-01   1.3769238e+00  -8.9510875e-01  -2.2413512e-01   7.5669442e-02  -7.6085979e-01  -6.2151139e-01   2.7089927e+00  -2.6192048e+00
   2.0000000e+00   2.8293221e-01  -1.2736945e+00  -1.2239897e+00   1.0080659e+00   1.1272039e+00   5.9705717e-01  -1.5364808e+00  -4.8214948e-01   9.9236906e-01  -5.9826987e-01
   1.0000000e+00  -2.3240921e+00  -1.9178118e-01  -4.2704863e-02   1.0685078e-01   9.1808376e-02   3.0669629e-01   5.0580636e-01   2.4777440e-01  -5.9704392e-01   1.5556352e+00
   2.0000000e+00  -6.8405854e-01  -3.1375051e-01  -1.2729829e+00  -2.9784873e-01   8.5925426e-01  -1.2088970e+00  -2.1639982e+00  -1.0465914e+00   2.3023275e-01  -8.6390007e-01
   2.0000000e+00  -7.6703260e-01   1.2408825e+00   5.3251937e-02   7.5084044e-01  -4.9556959e-02  -3.2548001e+00  -2.7511550e-01   7.8206744e-01   3.4644585e-01   4.0098651e-02
   2.0000000e+00   4.9017917e-01   8.9855585e-01  -5.5892038e-01  -4.3466905e-01   3.5833452e-01  -3.0917533e-01   1.7150200e+00  -1.9490274e+00   3.8794993e-04   2.0945716e-01
   2.0000000e+00  -1.1998062e+00   5.7560821e-01  -1.5500838e+00   3.2471057e-01   9.1324559e-01  -1.9190572e+00   3.2340341e-02   2.1578518e+00  -2.4945450e+00  -7.5736636e-01
   2.0000000e+00   9.5507890e-01   1.4538489e+00  -1.5466934e+00   3.5990397e-01  -5.9186405e-01  -7.5659806e-02  -3.3504352e-01  -1.9154452e+00  -7.8389785e-01  -3.1488488e-01
   2.0000000e+00  -1.1281958e-02   3.2733095e-01  -1.0782236e+00  -7.2641031e-01  -2.1813257e-01  -1.0780573e+00   1.2118832e-01  -7.1253227e-01  -4.4752088e-01  -1.3590946e-01
   2.0000000e+00   6.4482147e-01   2.0310024e-01  -2.6071019e-01   2.5587530e+00  -5.7002096e-01  -1.1172890e+00  -3.0872845e+00   6.9459432e-01  -7.1789790e-01  -1.8583307e+00
   2.0000000e+00  -3.9102023e-01  -5.0597449e-01   3.2763100e-01   7.3602162e-01   8.8619400e-01   1.3040968e+00  -1.6579209e+00  -2.7001896e+00  -1.7809290e+00  -8.8598244e-02
   2.0000000e+00  -4.6249578e-01  -1.1660033e+00  -6.3943430e-01  -4.9181386e-01   3.2819227e-03  -1.2106657e+00  -5.0481903e-01   6.3570374e-01   7.9041682e-01   1.4750454e+00
   2.0000000e+00  -1.8491514e-02  -2.9337421e-01  -9.3945817e-01   2.7794737e-01   8.0528926e-01  -3.2442891e-01  -8.4025278e-01   1.4514498e+00  -4.4344830e-01  -3.1030483e-01
   1.0000000e+00  -1.2807791e+00   1.9737196e+00  -7.9934708e-01   8.5563152e-01   7.2010367e-01   7.9729581e-01   4.7881689e-01   1.5048457e-01   2.6503191e+00   9.9535137e-02
   2.0000000e+00  -8.2926332e-01   3.4342960e-01   8.1743574e-01   9.0249916e-01  -5.4656131e-01   2.0573533e-01   9.6422439e-01  -5.7315085e-01  -1.3857093e+00   8.5318213e-01
   2.0000000e+00   2.2423478e-01  -1.3202310e-01  -4.2355468e-01   1.5367430e+00   1.5134783e+00  -1.0031320e+00   7.3985184e-01  -1.6164593e+00  -1.4210130e+00  -1.0176361e+00
   2.0000000e+00   6.5816914e-01  -6.9098790e-02   1.5007550e+00  -6.2675175e-01   8.7351454e-01  -1.1289387e+00   7.9107429e-01   5.5449722e-01   4.6791241e-01  -1.4605184e-01
   2.0000000e+00   5.0537649e-01  -1.8267678e-01   1.8388622e+00   1.8344856e+00  -1.7202974e+00  -1.1895724e+00  -9.9996653e-02   3.4226969e-02  -2.0483569e+00  -9.5355049e-01
   1.0000000e+00   3.4727569e-02  -4.4244880e-02  -1.7265834e+00   1.1451736e+00   3.7193270e-01  -7.0139520e-01   1.0271060e+00   7.6834756e-02   2.5879145e-01   1.5947595e-02
   2.0000000e+00   7.2395099e-01   6.1002503e-03  -7.4714810e-01  -1.1881204e+00  -5.7868464e-01  -7.8141888e-01   6.5350193e-01  -2.8078962e-01  -1.1883453e-01   5.5278945e-01
   2.0000000e+00   1.9476501e-01  -8.5918540e-01  -1.0841473e+00   1.2136524e-01  -2.3102129e-01   8.4643438e-01  -8.7974785e-01   1.4509317e+00   1.2152635e+00   8.1885592e-01
   1.0000000e+00   1.4317025e-01   4.7581537e-01  -4.4709433e-02   7.4642922e-01  -5.2800214e-01  -2.7578876e-01  -1.2748596e+00   8.2396521e-01   5.1044581e-01   1.5039356e+00
   2.0000000e+00   2.2766149e+00   7.1342517e-01  -3.4307930e-01  -4.8945596e-01  -1.7885751e-01   9.1396738e-01  -3.1956697e-01  -2.2222874e-01   7.2986141e-01  -1.9010119e+00
   2.0000000e+00   1.6299429e-01  -1.1190013e+00   1.5262066e-01   6.0353617e-02  -6.5160590e-01   3.2683666e-02  -3.6551674e-01  -1.3310571e+00  -8.4769384e-03  -1.6581302e-01
   2.0000000e+00  -6.5304293e-01   2.4642525e-01   3.5098596e-02  -6.4439540e-01   4.9801221e-01  -6.8066916e-01   9.7190221e-01   7.7874326e-01  -9.1045229e-01   6.6673379e-01
   2.0000000e+00   6.1858326e-02  -7.8065553e-01  -1.0677884e+00  -4.6576693e-01  -5.1820220e-01  -1.7105829e+00  -1.0212905e+00  -6.6024002e-01   1.0813602e+00   3.7488047e-01
   2.0000000e+00  -1.3174509e+00   1.6590192e-01   3.6631657e-01   3.3966846e-01  -1.1068748e+00   2.1791283e+00  -6.0812352e-01   2.0247738e-01   1.1185063e+00   6.1035200e-01
   2.0000000e+00   2.8641344e+00  -9.9571808e-01  -4.4842413e-01  -1.1419177e+00   8.2931412e-01   1.0939913e+00   7.2336059e-01   3.7553503e-01   1.0815268e+00  -6.9602867e-01
   2.0000000e+00  -9.7480064e-01   1.0320356e-01  -1.0204255e+00  -5.5413605e-01  -2.0015056e-01  -1.3826219e+00   2.1152033e+00  -4.5434764e-01   9.3507103e-01   4.1828789e-01
   2.0000000e+00   8.6691302e-01  -7.0982172e-01  -9.4358924e-01   5.8505206e-01   3.5763482e-02   2.2183695e-01  -1.2245689e+00   9.3518027e-01  -9.8127472e-01  -1.1128647e+00
   2.0000000e+00  -1.0060859e+00   1.1557167e+00   1.4826594e+00  -1.2438629e+00  -1.5041819e-01   1.9891775e+00   6.4851570e-01  -5.8073700e-01  -1.1679875e+00   6.3640530e-01
   2.0000000e+00  -7.5139678e-01  -2.2656476e+00  -1.3648291e+00   9.1019295e-02   1.7246733e+00  -1.1672349e-01   2.2964967e+00  -3.1968511e-01   1.3912961e+00   1.0124848e+00
   2.0000000e+00  -5.6448110e-01  -3.0803028e-01  -1.8801378e-01   9.0615791e-01   1.5062158e-01   3.5609357e-01  -4.9375670e-02   2.1588093e+00   1.1423550e+00  -2.3250119e-01
   2.0000000e+00   1.4353766e+00   1.0817991e+00  -5.7738636e-01  -8.1902172e-01  -5.0412734e-02   1.2065765e+00  -8.1233363e-01  -3.5535340e-01  -1.2798576e+00  -1.1801656e+00
   2.0000000e+00  -1.9382926e+00  -2.6359206e+00  -6.3350076e-01   4.7626534e-02   7.4153006e-02  -4.7813628e-01   7.7402748e-01  -1.8460704e-01   7.0300861e-01  -9.5923790e-01
   2.0000000e+00  -1.2657972e+00  -5.5488062e-01   5.6620561e-01   9.5319408e-01   9.1792170e-01  -6.3455278e-02   1.6004114e+00  -5.1391479e-01  -6.5469145e-02   1.6116141e+00
   2.0000000e+00  -2.1901536e-01   4.4648409e-01   1.5206107e+00  -2.2882474e+00   8.9252037e-01   5.3850604e-01   9.4324306e-01  -3.2340266e-01   1.3213816e+00  -7.9824362e-01
   2.0000000e+00  -1.3104490e+00   1.0640712e+00   1.8829626e-01  -2.1028600e+00   6.6493822e-01   1.4937954e+00   9.4886105e-01   1.8609728e+00  -1.1781426e+00   3.9476402e-01
   2.0000000e+00   8.1839697e-01   6.7507284e-01   1.3766063e-01  -3.0228091e-01  -5.5059780e-01  -1.2493187e+00  -4.5350310e-01  -1.9748511e+00   6.0931002e-01  -8.6678197e-01
   2.0000000e+00  -2.4960547e-01  -8.1232013e-01   1.5404736e+00   7.2502098e-01   1.4792175e+00   1.2347842e+00  -5.7286313e-01  -3.1297326e-01  -8.4868473e-01  -1.6730725e-01
   2.0000000e+00  -6.1170940e-01  -5.7200752e-01   1.6463251e+00  -5.3142148e-01  -1.0127382e+00  -1.6535993e-01  -2.4749473e-01  -2.6147304e-01   7.6543420e-01   6.3158211e-01
   2.0000000e+00  -2.0703482e-02   1.3462764e+00   1.7292173e+00  -1.4398019e-01  -1.1842063e+00   1.5450304e+00   1.5779487e+00  -8.9455888e-03  -6.5689903e-01  -8.5598006e-01
   2.0000000e+00   9.9111295e-01  -5.8834467e-01  -1.1109872e-01  -5.6471174e-01   3.6858473e+00   8.9532330e-03   6.0808561e-02   1.5435141e+00   2.5772149e-01  -1.2326841e+00
   2.0000000e+00  -5.1852793e-01   9.9239894e-01  -1.1378035e+00   1.2479323e+00  -7.3834122e-02  -2.7901804e-01  -1.4496890e+00  -1.6396899e+00  -1.6541295e+00  -1.6969658e-01
   1.0000000e+00  -1.9938017e+00   6.9604758e-02  -1.2926121e+00   2.0186259e+00   1.0004168e+00  -5.0947869e-01   4.4274611e-01   4.1738385e-01   5.1498481e-01  -9.5669570e-01
   2.0000000e+00   8.4437245e-01  -8.8402387e-01  -9.9116075e-01   1.1278102e+00  -5.4986037e-01  -1.3215898e+00  -6.1069842e-01  -1.2731653e-01  -8.5705160e-01   5.5527851e-02
   2.0000000e+00   4.1665763e-02   3.7063458e-02  -2.1843227e-01   1.7411425e-01   2.4485762e+00   1.3512455e+00   9.8278752e-01  -2.1817822e+00  -2.8759285e-01   7.9719619e-01
   2.0000000e+00   1.8328252e+00  -1.4307145e+00  -5.4184369e-02  -1.2751819e-01   3.8051599e-01   1.2935868e+00  -3.4441921e-01  -7.0219295e-02   1.3633875e+00  -3.3438373e-01
   2.0000000e+00   3.0392019e-01  -8.8838710e-01  -8.7594499e-01  -2.5320963e+00  -5.1457271e-01   6.0281273e-01   7.8646160e-01  -5.5100720e-01  -3.2295585e-01   4.3081904e-01
   1.0000000e+00  -8.1974915e-01   1.3982916e+00  -1.2949444e-02  -6.4016882e-02   1.3541348e+00   8.3544529e-02   8.2441688e-01   5.3142473e-02  -1.0245522e+00   3.2397948e-02
   2.0000000e+00  -3.2093957e-01  -1.0157682e+00  -2.9355279e-01  -3.0840059e-01   2.9095269e-01   1.3353167e-01  -8.9255117e-01  -1.3866135e-01   1.5549640e+00  -2.0027381e+00
   2.0000000e+00  -8.5499836e-01   6.3678987e-01   5.0331278e-02  -1.0494627e-01  -1.3604196e+00   2.4909735e-01  -3.4600800e-01   2.1205048e+00   7.6076708e-01  -1.7667089e+00
   1.0000000e+00  -9.6004206e-02   1.6253678e-01   2.0515859e-01  -8.9790343e-01  -7.2107130e-01  -3.0880506e-01  -4.8825820e-01   2.7243514e-01  -1.0347552e+00  -8.4760774e-01
   2.0000000e+00  -9.0047914e-02  -1.0003489e+00  -1.0654891e+00  -1.3312323e+00   2.7720748e-01   3.7967215e-01  -6.4755281e-01  -4.1451954e-01   1.6396341e-01  -4.8370264e-01
   2.0000000e+00  -1.9178382e-01   6.7112914e-01   5.9374712e-01  -5.8887442e-01   5.5522015e-01  -7.0339411e-01   8.6274068e-01  -8.8934929e-01   1.6369948e-01   4.1797268e-01
   2.0000000e+00  -2.0827402e+00  -1.3349432e-01   6.7579535e-02  -5.1340215e-01   3.8557622e-02   5.2785125e-01  -8.2891064e-01   1.4480079e+00   1.8813455e+00   1.4379274e+00
   2.0000000e+00   6.6813188e-01  -1.0638430e+00  -8.8476515e-01   5.1062531e-01  -4.7969260e-01   6.1305975e-01  -6.5243243e-01  -3.6530133e-01  -1.5642570e+00  -8.0626191e-01
   2.0000000e+00   2.7381042e-01  -2.9531201e-01   1.3774121e-01   1.1469332e+00   1.2362384e+00   3.9389891e-01  -1.3472230e+00  -8.7585918e-01  -1.8459868e+00  -8.0158170e-01
   2.0000000e+00  -1.7691881e+00   1.5777093e+00  -1.6212892e+00  -2.7539772e-01  -1.0570633e-01  -2.6880667e-01  -8.5405275e-01  -1.8035287e+00  -5.8880929e-01   3.5696736e-02
   2.0000000e+00  -8.0451989e-01   2.0516282e-01   7.1818897e-01   1.7032225e-01   1.3350823e+00   1.5571821e-01  -2.3220069e+00  -1.2833086e+00  -9.5788518e-01  -1.1871012e+00
   2.0000000e+00  -6.2511013e-01  -3.7522130e-01   1.4844910e+00   2.4942848e-01  -4.8110323e-01  -4.4690330e-01   9.3159161e-01  -3.7355754e-01  -6.1148606e-01  -3.6820225e-01
   2.0000000e+00   1.4035285e+00   2.0181392e+00   2.2596706e-01   9.2210992e-02   8.9444785e-01  -4.3695549e-01  -1.9337790e-01  -6.2744069e-01   6.7434902e-01  -3.7960287e-01
   2.0000000e+00  -1.2975452e+00   2.9165013e-01  -8.3355506e-02   6.7034724e-01  -2.5219850e-02  -7.0172705e-01  -2.0787209e+00  -2.6154126e-01   2.4058420e-01   6.1471776e-04
   2.0000000e+00   1.3375656e-01   1.0006138e+00   5.2159195e-01  -5.5693964e-01   6.8612328e-01  -2.2790620e+00   2.8098651e-01  -1.1782457e+00  -5.5944272e-01  -3.7423165e-01
   2.0000000e+00   1.1003148e+00  -2.3325835e-02  -1.5572453e+00  -2.9110976e-01  -8.2858677e-01   3.1713341e-01  -3.7349439e-01   1.6704497e+00  -2.5348202e+00   9.1729859e-01
   2.0000000e+00   1.1022734e+00   8.9753692e-01   2.1796511e-01  -1.3492358e+00  -5.1843851e-03   1.1523654e+00   1.9905412e+00  -1.3188058e+00   9.4882281e-01   4.2579425e-01
   2.0000000e+00   3.3987925e-01   1.4965363e+00   2.0247622e-02  -6.8973340e-01   1.4733427e+00   1.4843484e+00   8.1372474e-01  -9.4950034e-01  -4.1547452e-01   1.8759618e+00
   2.0000000e+00   9.3659925e-01   8.0878004e-01  -5.7901512e-01   8.5406599e-01  -1.1901147e+00   3.4646659e-01  -2.1980941e+00  -1.0878899e+00  -6.8420622e-01   1.1408020e+00
   2.0000000e+00   1.9239558e-02  -6.4220384e-01   5.9789293e-01   2.3576469e-02  -8.3294889e-01  -2.7600492e+00  -1.2616114e+00  -9.8813663e-01   3.7977302e-01  -1.0292869e+00
   2.0000000e+00   7.7094332e-01   2.9396522e-01   3.6509861e+00   5.2978378e-01  -4.1900139e-01  -1.1748708e+00   1.4761267e+00   5.6868603e-01  -1.4424580e+00   1.1846075e+00
   2.0000000e+00   4.6190290e-01  -8.3605569e-01   9.5828506e-01  -1.2799122e+00   2.6289959e-01  -2.9844524e+00   9.9868870e-01  -4.8762413e-01  -3.4518023e-01  -2.7590725e-01
   1.0000000e+00  -2.0107504e-02  -2.7435623e-01   5.2918718e-01  -5.9559669e-01  -5.8610651e-01  -5.8300902e-01  -5.8365751e-01   5.5188973e-01   4.6516740e-01   8.8403793e-01
   2.0000000e+00   8.8878481e-01  -2.6950896e-01  -5.4004352e-01  -7.1338840e-01  -8.2813807e-01   1.0870853e+00  -9.4532142e-01  -7.5500161e-01   5.3762522e-01   1.3154314e-01
   1.0000000e+00  -1.9268753e+00  -4.0020696e-02  -2.0712632e+00   3.9514112e-01  -1.8724564e+00   7.9447416e-01  -4.7432431e-01   1.6555152e-01   1.4209568e+00   1.5892942e+00
   2.0000000e+00   8.2052343e-01  -1.2994592e-01  -9.2945340e-02   2.3712650e-01  -1.2917948e+00   1.0651209e+00   8.0478413e-01   9.4201726e-01   6.7881267e-01   6.3259859e-01
   2.0000000e+00   7.9455188e-01   3.2240029e-02   6.9981356e-01  -3.5753884e-01  -3.1087351e-01   2.1631410e-01   6.1426534e-01   1.0230981e+00   7.3925051e-01  -1.5857922e-01
   2.0000000e+00   1.5459805e-01   1.0636164e-01  -2.0617289e-01   1.5001916e+00   1.6771098e+00  -1.1792281e-01   1.8090666e+00  -6.3935481e-02   4.0767411e-01   1.5624133e+00
   2.0000000e+00   7.6136909e-01   3.5204795e-01  -1.7965465e-01  -8.8553149e-01   3.7205771e-02  -1.5899541e-01   1.9996977e+00  -1.0711343e+00  -8.1585339e-01   1.8010806e+00
   2.0000000e+00   1.1883136e+00  -6.1114618e-01   3.3565691e-01  -1.4951201e-01   1.2706279e+00  -9.6549001e-01   5.0118236e-02   2.0749958e-02   5.6546004e-01   9.1032243e-02
   1.0000000e+00  -7.6925161e-01  -1.4692615e+00  -5.2807812e-01   6.8376827e-02   1.8448187e+00   4.4274797e-01   1.0253177e-01   6.4394975e-01   6.4034805e-01  -1.1253453e+00
   2.0000000e+00   9.2274518e-01   2.7888308e-01  -1.4089239e+00  -5.9427651e-01  -3.5301006e-01   4.9744788e-01  -8.2244440e-02   1.8298729e+00   1.7989134e+00  -6.8374222e-01
   2.0000000e+00  -8.6397726e-01   1.0052519e+00  -8.3166179e-01  -1.2555145e+00   3.3485005e-01  -9.8870706e-01   1.3583485e+00  -2.1368817e-01  -1.5199530e+00   1.0843847e+00
   2.0000000e+00   1.5315328e+00   9.1912239e-01   9.3874851e-01  -1.9654375e+00   2.5799711e-01   7.1788286e-01   1.0176243e+00   5.9335908e-01  -3.3531944e-01  -3.3992197e-01
   1.0000000e+00   1.3031672e+00   1.2573573e-01   2.1696933e-01  -4.6906310e-01   4.7734058e-01   7.4240358e-01  -4.2764164e-01   4.2452299e-01   9.5134063e-02   2.7122617e-01
   2.0000000e+00   3.9669194e-03   7.4450673e-01   1.1733257e+00   5.7742372e-01  -5.8647166e-01  -1.2327780e+00  -5.0046218e-01  -5.1659556e-01  -1.1396525e+00   4.6041039e-01
   1.0000000e+00  -8.6050280e-01   6.5288940e-01  -8.0197306e-01  -7.7165308e-01  -4.8269207e-01  -4.8608819e-01  -2.3245608e+00   4.7368661e-01   1.0498001e-01  -7.4541614e-01
   2.0000000e+00   5.7971687e-01   1.3111753e+00  -9.5753181e-01   1.0604696e+00  -1.0593638e+00  -6.7636476e-01   8.4358580e-01  -1.4824930e+00   1.4428118e-01   1.2071870e+00
   1.0000000e+00  -6.8889525e-01   2.9009620e-01   3.9748465e-01  -5.7271263e-01   2.1613784e-01   4.6135564e-02  -1.0436807e+00   5.4560002e-01   7.6386537e-03   1.3027671e-01
   2.0000000e+00   9.6640634e-02   1.0759571e+00  -1.6232385e-01   3.5981776e-01  -1.2768059e+00  -9.5941892e-01  -2.6810808e-01   5.8605933e-01  -5.6564309e-01   1.2404092e+00
   2.0000000e+00  -7.9219784e-01  -8.2991438e-01   4.3670027e-01   1.3116345e-01  -1.6304802e-01   4.3820641e-02  -5.4388095e-01  -2.7287456e-01   5.8887967e-01  -8.6160524e-01
   2.0000000e+00   8.4288863e-02  -9.1884347e-01  -1.3675722e-01  -1.3918562e+00  -4.6902551e-01  -7.1040674e-01   3.4233045e-01  -8.4872321e-02   1.3101210e+00   4.4593767e-01
   1.0000000e+00   2.9641729e+00  -1.5566196e+00   6.9697057e-02  -5.1195505e-01   1.1955822e+00   3.3326522e-01   6.6346960e-01   3.7804964e-01   2.6592064e+00   4.6495453e-01
   2.0000000e+00   2.1741075e+00  -4.7367723e-01   1.4952894e+00   6.6923784e-01   3.4506913e-01  -4.3341416e-01   6.9719116e-01  -1.5679246e+00  -1.3871340e+00  -1.9991584e+00
   2.0000000e+00   1.2092418e-01  -3.0788196e-01   3.0996359e-01  -2.3546205e-01  -7.7312500e-01   6.1434093e-01   2.1755594e+00  -1.6561260e-01  -5.4555077e-02  -3.0087240e+00
   1.0000000e+00   3.4414344e-01   2.3438767e-01   5.5049153e-02   9.1160059e-01  -6.8051472e-01  -6.2847902e-01  -1.2741245e+00   3.2522577e-01  -9.8689534e-01   1.0439330e+00
   2.0000000e+00   8.2001451e-02  -2.9010918e-01  -1.0841481e+00  -1.2677180e+00  -2.3294761e-01   1.7747250e+00   3.6465676e-01   2.2473935e+00   3.5534334e-02  -4.4217195e-01
   1.0000000e+00  -1.8941247e+00   1.3565757e-01  -1.5277288e-01  -9.9548628e-01  -1.1343484e+00   7.5025037e-01  -2.8916109e-01   4.4948436e-01  -1.4694367e+00  -4.1913680e-01
   2.0000000e+00  -2.3748511e-01  -1.5297322e-01   5.5521092e-01  -5.0170841e-01   8.3723079e-02  -1.1096875e-01  -1.3045220e+00  -1.0112187e+00   7.7381808e-01  -1.1803113e+00
   2.0000000e+00  -5.8274348e-01  -2.5474551e+00   1.1088570e+00  -9.5340863e-01   5.6442986e-01  -2.0901165e+00   2.8653010e-01  -4.8485884e-01   2.7579882e-02   1.1578654e+00
   2.0000000e+00   1.3359381e+00   4.1466113e-01   1.3353629e+00   1.1918442e-02  -2.0224442e-01   1.4530485e-01  -4.7078179e-01  -6.3734280e-01  -1.8866600e-01  -1.3116907e+00
   1.0000000e+00   3.5672847e-01   2.2452111e-02  -1.0130573e-02  -1.5181941e+00  -2.9390133e-03   4.6197181e-01   6.8571453e-01   5.7929512e-01   1.2012748e+00  -2.0351221e-01
   2.0000000e+00   6.3524295e-01  -1.0216018e+00   1.2248335e+00  -1.9172128e+00  -3.1164194e-01   8.5378183e-01   1.0219789e+00   1.2445109e+00   7.5687895e-02   1.7706447e-01
   2.0000000e+00   7.9154792e-02  -4.6147666e-01   1.9073232e-01   8.9714967e-01   9.3304806e-01  -1.1479829e+00   8.5418428e-01  -5.7619576e-01  -9.4766036e-01  -5.4357222e-01
   2.0000000e+00   8.0495578e-02  -3.1132359e-01   1.3061127e+00   1.4759428e-01  -1.7794669e+00   2.0788147e+00   6.2459801e-01   2.1864215e+00   7.6554245e-01  -7.6134530e-03
   2.0000000e+00   1.0546011e+00  -2.0199647e-01   2.5235732e-01   4.7353675e-01   1.6663858e-01   6.6511929e-02  -8.5993474e-01  -9.4666987e-02  -1.6274061e+00  -1.2267106e-02
   2.0000000e+00   4.4205348e-01   2.3166963e+00  -1.4207052e+00  -4.5540134e-02  -5.6587324e-01   5.2036130e-01   3.3373706e-01  -2.8064458e+00   2.1944076e-01  -9.4055940e-01
   2.0000000e+00  -4.2630158e-01   1.6788698e-02  -3.9356816e-02   1.1138282e+00   4.7770850e-01   1.2308099e+00   9.6012782e-02  -4.0073019e-01   4.9229171e-01  -1.3261642e+00
   2.0000000e+00  -1.4673063e+00   6.7295074e-03   1.3084100e+00   5.8804283e-01   3.1254539e-01   6.2337760e-01  -1.5971708e+00   9.2221560e-01  -7.3961150e-01   1.2926416e-01
   2.0000000e+00  -1.7557094e+00  -6.1684275e-01   4.6773516e-01  -1.2113961e+00  -1.7234523e+00   1.1761420e+00   2.3292942e+00  -1.7606112e+00  -3.6745438e-01   4.2633260e-01
   2.0000000e+00  -3.4960721e-01  -3.6483018e-01   2.2807203e-01  -7.9506174e-01  -3.4460320e-01   5.0493419e-01   2.2197910e+00  -2.1903942e-01  -3.4482360e-01  -1.3138088e-02
   2.0000000e+00  -1.8631161e+00  -1.0217671e+00   1.2605241e+00   1.4318024e+00  -1.5372491e+00   1.2972808e+00  -9.8398015e-01   7.5545626e-01   2.2607427e-01  -7.9565203e-02
   2.0000000e+00   1.7397867e+00  -1.3908637e+00   8.8270558e-01  -6.5971346e-01   1.1122528e+00  -1.0985538e+00  -8.1318808e-01   5.7119524e-01   2.1826770e-01  -8.2752583e-01
   2.0000000e+00   3.7562699e-01  -1.6182512e+00   1.8732317e+00  -1.0938588e+00  -2.0874966e+00   7.3213478e-01  -4.0623782e-01  -2.7412966e-01   1.0135527e-01   4.4995030e-01
   1.0000000e+00  -7.9084937e-03   2.3900637e-01  -7.0621837e-01  -4.7716716e-01  -9.6357150e-01   5.3292472e-02  -9.6753014e-01   7.3636130e-01   6.7749325e-02  -2.6446928e-01
   2.0000000e+00   3.1720475e-01  -6.4425479e-01   1.8612574e+00  -2.2030428e+00   3.3671039e-01   2.2889564e-01  -1.7653144e-01  -5.4126778e-01  -1.5735394e+00  -8.7286772e-01
   1.0000000e+00   3.9532039e-02   4.0808547e-01   6.3989783e-01   2.9890967e-01   1.0905354e+00   5.6749198e-01   1.9133709e+00   1.0145554e-01  -2.2993137e+00  -1.1528113e+00
   1.0000000e+00  -6.0695572e-02   4.5792811e-01   9.9019498e-01   4.3557073e-01   8.2569093e-01   1.7757530e-01  -9.6249393e-02   2.7757348e-02   2.8034884e-01  -5.7957998e-02
   2.0000000e+00  -5.4162100e-01   6.3695213e-01   5.5803377e-01   6.2088621e-01  -1.5039563e-01  -7.4391398e-01   3.9640271e-01  -1.2818148e+00   5.3333296e-01   1.5489694e-01
   2.0000000e+00  -6.3966395e-01  -2.7919928e-02   1.0407105e+00   1.4581025e+00  -6.1790560e-01  -7.6795219e-01  -2.3278367e-01  -5.9605338e-01  -3.1844490e-02   1.0297904e+00
   1.0000000e+00  -1.1671753e+00   1.8349819e+00  -1.0903315e+00   9.8230918e-01   1.5026592e+00  -4.3480320e-01  -2.4427474e-01   6.7804964e-01   6.6255754e-01  -2.9133405e-01
   2.0000000e+00  -1.5867040e+00   3.4374256e-01   6.7705910e-01  -1.3243778e-02  -2.4197685e+00   1.0772409e+00   3.8671221e-01   1.2599313e-01  -5.2980672e-01  -3.0480186e-01
   2.0000000e+00  -3.5955822e-01  -7.0076553e-01  -4.0530260e-01  -3.6947754e+00  -5.6215101e-01  -9.3893066e-01   8.3219685e-02  -7.2732240e-01  -5.6866275e-01   8.4144578e-03
   2.0000000e+00  -1.8299865e-02   4.4197651e-01  -1.5579840e-01   8.3320995e-01   1.4460800e+00   5.8644303e-01   1.7036051e+00  -1.9575948e-03  -7.0031964e-01  -1.8699144e-01
   1.0000000e+00   9.8405420e-01   3.9458693e-02   5.9542833e-01   7.1633324e-01  -5.9735342e-01   1.1940017e-01   1.8718918e+00   6.8706888e-01   1.4802113e+00  -8.5887736e-01
   2.0000000e+00  -4.1733561e-01   3.8195554e-01   1.0336413e+00   9.4874192e-02  -5.5099828e-01   2.8388735e+00  -1.2142958e-01   5.2304101e-01  -1.1766254e+00   1.4560403e+00
   2.0000000e+00  -2.3000582e-01   2.1894072e+00  -1.3328416e-01   1.7168545e-01   1.8786190e+00  -7.6657104e-01  -1.2182211e+00   2.6436433e-01  -4.3984408e-01  -1.0047313e+00
   2.0000000e+00   7.3004509e-01  -1.8954343e+00   1.0728271e+00  -3.4652792e-01   4.7761433e-01   2.8540853e-01  -1.2141569e+00  -4.5287087e-02   6.5721152e-01   6.4877167e-01
   2.0000000e+00  -6.3510433e-01  -5.6396678e-01   6.5807170e-01   1.4425116e+00  -7.3094084e-01  -5.1026962e-01  -7.7309368e-01  -9.0458344e-01  -5.6552615e-01   3.2873481e-01
   2.0000000e+00  -1.7230004e+00  -1.7873891e-01   8.7167986e-01   2.3859062e-01   7.6438129e-04  -9.8828948e-01  -3.2137744e-02   4.9873584e-02  -1.4833497e-01  -8.9276628e-01
   2.0000000e+00   2.2936998e+00   1.0246150e+00  -1.4129939e+00  -7.4928142e-02   2.2975259e+00  -9.5979173e-01  -1.2597578e+00  -1.0823359e+00   8.8527496e-01  -1.3138108e+00
   2.0000000e+00   5.0052678e-02  -4.1072141e-01   2.7490221e-01  -1.2443872e+00  -5.8667670e-01  -3.5785565e-01  -2.2020269e-01  -1.0984796e+00   4.3514155e-01   6.5980427e-01
   2.0000000e+00   2.5927436e-01   9.5078650e-01  -2.1757801e-02  -7.2500915e-01   3.6769118e-01   6.1776322e-01  -1.4822302e+00  -1.7837857e+00   1.6325189e+00  -1.3223913e+00
   1.0000000e+00  -8.6832092e-01  -1.9051496e-01  -1.6317225e+00  -6.4753657e-01  -7.5982840e-03  -8.0280273e-01   7.4431362e-01   3.5293217e-01  -4.8063058e-01   3.4951211e-01
   2.0000000e+00  -2.5222460e-01  -6.2607296e-02  -6.5057988e-01  -1.1516610e+00  -2.0151371e-01   2.5648240e-01   7.7554736e-01   1.3548398e+00  -3.9958055e-01  -1.9475223e+00
   2.0000000e+00  -5.7937466e-01  -1.3208101e+00  -3.2484366e-01   2.6332323e-01   1.1780436e+00  -1.4653032e+00  -9.0415835e-01  -1.1287077e-02  -7.8949760e-01   8.6416511e-01
   2.0000000e+00  -3.1626374e+00  -1.1559235e+00   7.1343168e-01  -1.1678870e+00  -2.6138665e-01  -9.4193972e-01  -5.2679723e-01   6.3062321e-01   2.3212326e+00  -6.4240225e-01
   1.0000000e+00   1.5567380e-01   1.3897417e-01  -3.4153467e-01   5.8866419e-01  -1.8240625e+00   3.4237898e-01  -1.2265000e+00   7.5450696e-01   1.8911048e+00  -8.6681207e-01
   2.0000000e+00  -1.9457450e+00  -2.1731321e+00   1.4034038e-02   1.2586623e+00   2.7630554e-01  -7.5342334e-01  -1.3051008e+00   4.0067538e-01  -8.2352512e-01   1.1100056e-01
   1.0000000e+00  -5.7068680e-01  -7.7875227e-01  -6.2220792e-01   3.0941843e-02   4.4625109e-01   4.6797468e-01  -8.2457726e-01   4.2790991e-01   8.7319121e-01   7.7533282e-01
   2.0000000e+00   1.1354005e+00  -3.8967498e-01   2.6419651e-01   7.9955797e-01   1.1627584e+00   1.0450605e+00   1.6354387e+00  -9.6048432e-01   5.2917408e-01   8.2479214e-01
   2.0000000e+00   2.4190120e+00  -2.2751790e+00  -1.8380653e+00  -9.0844674e-01   1.6431475e+00  -7.2480316e-02  -6.4864013e-01   5.7705203e-01   1.6975769e-01   9.2294495e-01
   2.0000000e+00   1.0018542e+00   1.2344825e+00   9.2590705e-01   1.0832258e+00   7.8752912e-01   1.4497944e+00   1.5635312e+00  -2.3699012e+00   5.3869583e-01   2.4977796e+00
   2.0000000e+00   5.7066033e-01  -3.0117036e-01   2.1909385e-01   6.9935410e-01  -9.4078719e-01  -2.0900567e+00   2.8455338e-02  -1.1395469e+00   2.0504646e-01   1.2969993e-01
   2.0000000e+00  -1.9320102e+00   4.8444778e-01   1.3647408e-01  -2.0383975e-01   4.0342974e-01   7.6712198e-01  -9.7575316e-01   2.1486917e+00   3.2374124e-01  -2.2651843e+00
   2.0000000e+00  -5.8939288e-01   1.8262238e+00  -5.2621108e-01  -1.1378624e+00  -9.5890633e-01  -9.4090830e-01  -3.2012379e-01  -2.4887050e-01   2.2251988e-01  -6.4627096e-01
   2.0000000e+00   1.6277090e+00   2.3128114e-01   1.4775797e-01   8.2948913e-03  -8.9514190e-01   2.2113522e+00   1.0312353e+00   1.2560303e+00   7.3399429e-01  -3.7178335e-01
   2.0000000e+00  -2.3886276e-01   2.8375312e-01   7.0107288e-01   2.0521013e+00   1.7933033e-01  -9.0402966e-01   6.2591417e-01   4.6893114e-01  -2.5694446e-01   3.4617608e-02
   2.0000000e+00   1.5473689e+00   2.1593228e-01   2.9314920e-01  -4.7930692e-01   2.6114545e-01   4.6635871e-01   6.6848587e-01   9.6004505e-01  -9.5406541e-01   3.2695634e-01
   2.0000000e+00   1.9769933e+00  -1.7441857e-01  -5.1762814e-01   7.0024110e-01  -1.6842775e+00   1.2664330e+00   2.9315772e-01  -3.1361331e-01   2.3761617e-01   5.4470274e-01
   1.0000000e+00  -1.7842775e+00   4.1703076e-01   1.4917515e+00   7.9046127e-01   9.5061290e-01  -3.5211858e-01  -5.8569773e-02   3.8178547e-01  -5.5590596e-01   4.7575767e-01
   2.0000000e+00  -9.7523817e-01   8.2733411e-01   1.4338804e-01   1.6352141e+00  -1.1014762e+00   9.0794587e-01   2.7123502e+00   1.4368917e+00   8.9873791e-01   5.3683442e-01
   2.0000000e+00  -1.4018347e+00  -6.4083215e-01   4.8672634e-01  -1.1060399e+00  -4.1757673e-01   9.9845109e-02   5.6723243e-01  -1.3991326e+00   8.2273102e-01  -3.2350442e-01
   2.0000000e+00   4.8107212e-01   5.8764477e-01  -5.0656267e-02  -1.9339185e+00   5.8106969e-01   1.1570867e-01   8.4605537e-01   1.2360136e+00  -7.0566612e-01  -2.4649272e-01
   2.0000000e+00   1.5817479e+00  -5.0516689e-01  -1.5106388e-01  -5.9678959e-01  -8.6972841e-02   4.7626286e-01  -4.9809688e-01  -7.4462195e-01  -8.0613652e-01   4.0770825e-01
   2.0000000e+00   9.1732541e-02   4.1061778e-01   8.4749039e-01   4.9344390e-01   1.9915220e+00  -2.8187815e-01   5.9701274e-01   9.9350336e-01   6.5668120e-01   1.4797693e-01
   2.0000000e+00  -1.7751206e-03   7.7129306e-02   1.6003529e-01   5.5417106e-02  -3.0996619e-01  -1.8118508e+00  -7.8650243e-01   8.8823306e-01  -6.6266520e-01   1.6734850e+00
   2.0000000e+00  -2.2962054e-01  -3.0944165e-02   1.3932128e+00  -2.9436956e-01   2.8413345e-01  -5.9409861e-01  -1.2994640e+00   9.6655614e-01   1.9114306e-01  -7.2851175e-01
   2.0000000e+00   1.0619363e+00   1.7060223e+00  -1.5403322e+00  -7.8746041e-02   7.7307819e-01  -1.2620681e+00   9.4600513e-02   2.0310885e+00   4.9322297e-01  -2.0087201e+00
   2.0000000e+00   3.5250258e-01   4.6567184e-01   9.2905102e-01   9.9959457e-02   1.1750747e+00   9.0178109e-01  -8.4016762e-01  -8.1244377e-01  -3.5123892e-01  -5.8345048e-01
   2.0000000e+00   7.9953437e-01  -2.4482443e-01   1.7953504e+00   3.9528774e-01  -1.0961112e-01  -5.6174204e-01  -2.0838288e-01  -2.8004575e-01  -1.4889999e-01   4.6452964e-01
   2.0000000e+00   6.0722350e-01  -1.6400014e-01   7.1127563e-01   1.4299430e+00  -6.2265752e-01   1.0195396e+00  -7.7080798e-01   1.3431705e+00  -1.1567382e+00  -9.4622709e-01
   2.0000000e+00  -1.0177924e+00   1.5281662e+00   1.2323217e-01  -1.0543722e+00  -1.0787843e+00  -9.6200914e-01   8.6901968e-01  -1.4419357e+00   1.4761627e+00   3.9705025e-01
   1.0000000e+00  -1.0753929e+00  -1.8532761e+00   8.0659852e-01   5.9983160e-01   1.8959420e+00   6.0524268e-01  -6.9559343e-01   2.3338023e-01  -9.0190634e-02   7.2363982e-01
   2.0000000e+00   4.0902565e-01   1.8052848e-02  -4.6629836e-01  -9.4697304e-01  -1.5701475e+00   2.2160090e+00  -3.1538207e-01  -8.3576156e-02   5.3366542e-01  -6.7211592e-01
   2.0000000e+00   6.3507136e-01  -8.5158173e-01  -1.6463091e-01  -3.1393933e-01  -1.0205744e+00   2.2485478e-01  -1.5368531e+00   1.7113145e+00  -3.8888436e-01  -5.5619874e-01
   2.0000000e+00  -6.2911391e-01  -3.2037069e-01  -1.3401111e+00  -1.5713722e-01   3.1673903e-01  -6.1103776e-01  -2.7802573e-01   1.5657598e+00  -1.1073018e+00   7.5412960e-01
   1.0000000e+00  -4.1387997e-01  -5.3609671e-01  -1.0677186e+00  -1.1072895e+00   2.4742865e-01  -1.7304519e-01   4.6934540e-01   5.1085020e-01  -1.3011568e-01  -2.3716253e-01
   1.0000000e+00   9.3453275e-01   3.2561836e-01  -4.4537952e-01   9.4069606e-02   5.0243286e-02   7.3902515e-01   1.1666644e+00   2.7535309e-01  -9.1418064e-01   2.8556576e+00
   2.0000000e+00   1.6405286e-01  -1.0423669e+00   6.2906741e-01  -1.1742606e+00  -8.7584832e-01   4.5925638e-01  -8.7767248e-01  -2.3337975e-01   2.3945134e-01   6.2428489e-01
   2.0000000e+00   2.7957337e-01  -3.3346213e-01  -1.9976186e+00   5.8460572e-01  -6.3754739e-01  -3.2326421e-01   1.1071535e+00  -1.7003832e+00  -1.6748401e+00  -7.1931723e-01
   2.0000000e+00   2.5923647e-01  -6.9646984e-04   4.4901628e-01  -2.3004827e-01   9.2917936e-01  -2.4851485e-01  -2.0768596e-01   1.8189296e+00   8.8348500e-02   1.3520878e+00
   2.0000000e+00  -9.2495541e-01   1.3070854e+00  -1.4392770e+00  -1.4925658e-02  -1.6122629e+00  -2.1525153e-01  -2.2098244e+00   1.0061994e+00   7.4548631e-01   5.2347910e-01
   2.0000000e+00  -9.6575616e-01  -1.8973556e-01  -9.2205406e-02  -1.7805472e+00  -2.3927283e-02  -1.4385208e+00  -1.3698747e-01   8.9654088e-01   1.1515867e+00  -9.2184811e-01
   2.0000000e+00   4.3636957e-01   1.5043660e+00  -9.0736257e-01  -7.5774898e-01   1.1420854e-01   1.2332226e+00  -1.3236741e+00  -5.5312168e-01  -1.3913243e+00  -8.4086680e-02
   2.0000000e+00  -8.5248150e-01  -5.5912939e-01   4.8706686e-01  -1.0712686e+00  -8.7121598e-01   2.1034880e+00   1.2005255e+00   1.9221049e+00  -4.1409134e-01  -8.3094063e-01
   1.0000000e+00  -2.5219053e-01  -3.0972438e-01   1.9820722e+00  -1.0566729e+00  -5.0714989e-02   1.0235847e-01   5.0138073e-01   8.3768362e-01  -5.2672556e-01  -1.6988179e-01
   1.0000000e+00   3.3965941e-01  -2.5495673e-01  -2.2455212e-01   5.4810702e-01  -1.1329436e+00  -6.4615771e-01   5.1909666e-02   2.5196481e-01   8.0199991e-01   9.9136986e-03
   2.0000000e+00  -1.1713797e+00   5.2235757e-02   5.5056450e-01   3.3321922e-01  -1.3375338e+00  -1.3770620e+00  -1.7185298e-01   7.7265300e-01   1.2617230e-01   3.0989013e+00
   2.0000000e+00   2.8743339e-01  -1.8279600e-01   7.7623561e-01   1.1844542e+00  -2.3554014e-02  -9.6008760e-02   3.4032464e-01  -1.3840342e-01   1.3335994e-01   1.0911388e-01
   2.0000000e+00  -9.6985652e-01  -1.0873169e+00  -1.0685366e+00  -7.6053180e-01   1.4546928e+00  -1.1220035e+00   3.8884185e-01   1.0146455e-01   4.1771653e-01  -7.6404672e-01
   2.0000000e+00   1.6874306e+00   9.1345385e-01   5.8318159e-01  -1.1882092e-01   3.1156693e-01  -8.7317248e-01  -1.5153104e+00  -9.0530914e-01  -3.8285978e+00  -9.0404216e-01
   2.0000000e+00  -1.0584917e+00   7.7693621e-01  -3.0919728e-01  -8.1022419e-01   3.5470530e-01  -5.6617000e-01  -5.9270589e-01   7.8244468e-01   8.5460100e-01   3.6629367e-02
   2.0000000e+00   1.9593451e-01   1.4915112e-01   4.0207510e-01  -4.0274085e-02  -3.8493253e-01  -1.3174130e-01  -8.4701617e-01  -7.5130418e-01   2.9148455e-01  -7.6959681e-01
   1.0000000e+00  -1.6097393e+00  -6.4795864e-01   1.5122251e+00  -8.9958373e-01  -9.8150996e-01   6.3647026e-02   3.9583707e-01   9.6311837e-02   8.1764887e-01  -1.3651749e+00
   2.0000000e+00  -6.1413308e-01  -9.9096367e-01  -5.1746844e-01  -9.0709074e-01  -1.3134323e-01  -6.4702214e-01  -1.7085551e-01   1.2511157e+00   3.4827335e-01  -5.3382298e-01
   2.0000000e+00  -3.4709120e-01  -4.3535939e-01  -8.8147401e-01   4.1925401e-01  -5.7254954e-01  -3.8730621e-01   1.5705090e+00  -3.7101299e-01  -4.7380073e-01  -9.5692785e-02
   2.0000000e+00   8.5649792e-02  -9.0372438e-01   3.9520197e-02  -1.7162645e+00   2.1626803e-01   4.0878696e-01   1.8774878e-01   1.3992044e+00  -3.0587330e-01   2.4371207e-01
   2.0000000e+00  -5.1706393e-01  -1.0861629e+00   5.2595040e-01  -1.7517580e+00  -1.7313599e-01   6.9289350e-01  -1.6781190e-01   6.2949876e-01   4.1456577e-01  -1.2749919e+00
   2.0000000e+00  -2.5520143e+00   1.9756668e+00  -9.9808063e-01  -1.2503310e+00  -1.0622643e+00  -9.7780794e-03   1.6940164e+00   2.1634095e+00   8.3181648e-01  -7.3019820e-01
   2.0000000e+00   1.5451355e+00   2.1383852e+00   3.5824632e-01  -8.2805222e-01   1.0203614e+00  -5.2873521e-01  -1.6230762e+00  -8.4381932e-01  -8.2411118e-02   2.8462350e+00
   2.0000000e+00   1.4049731e-01   2.1591665e+00   3.4582810e-01   6.1620919e-01   5.8631456e-01   9.9906935e-01  -8.2042673e-01   1.2858956e+00   9.2869681e-02   1.6842683e-01
   1.0000000e+00  -2.9816710e-01   7.5424566e-01  -1.5469707e-01   4.6270934e-01   6.0290738e-01   3.5762376e-01   3.1043377e-01   2.0061828e-01  -5.4697623e-01   9.2910417e-02
   2.0000000e+00  -1.1446733e-02  -1.1078820e+00  -4.7743215e-01  -4.2874399e-01  -4.2466657e-01  -1.5606277e+00  -5.2647750e-01  -1.2463671e+00  -5.7134209e-01  -8.4170391e-01
   2.0000000e+00  -2.5043095e-01  -1.3078069e+00  -3.6596670e-01   1.4682996e+00  -5.3708802e-01   7.8037136e-01  -6.4861641e-02   2.9684339e+00  -4.6343022e-01   1.2869283e+00
   2.0000000e+00  -6.0567552e-01  -1.2112675e+00   2.1521731e-01  -2.8571424e-01   1.0624444e+00  -2.4590759e-02   4.1026229e-01  -2.7819140e-01  -4.6116862e-01  -6.2221220e-01
   2.0000000e+00   1.4300228e-01  -3.9703761e-01  -8.6525509e-01   6.5519103e-01   1.0250884e+00   1.3516627e+00  -1.6858141e+00   1.4763967e+00  -2.7575332e-01   1.1272159e+00
   2.0000000e+00   5.3514161e-01  -1.0957622e+00  -9.3680024e-01   7.1594018e-01  -5.0449767e-03  -1.5895878e+00  -1.4121873e+00   1.6144049e+00  -4.4215943e-01  -7.4744088e-01
   2.0000000e+00  -4.8902976e-01   9.9234130e-01  -9.8675737e-01   1.8851282e-01   4.8915091e-01   9.2193427e-01   4.6804641e-01   4.2872215e-01   6.7587005e-01  -1.8591088e-01
   2.0000000e+00   5.2401296e-01  -8.1535148e-01  -2.6435546e+00   1.1112778e+00   1.5975547e+00  -7.2598006e-01   7.9961590e-01  -4.2832196e-01  -2.3102766e+00  -2.3042691e+00
   1.0000000e+00  -2.1326234e+00  -5.8470616e-01   8.0908732e-01   6.1514916e-02   5.6634440e-01   6.1708244e-01   2.4724662e-01   4.9078400e-01   1.3752579e+00  -1.1593868e-01
   2.0000000e+00  -8.9092550e-01  -6.6732889e-01  -1.5462586e-01   6.4826812e-01   5.0509942e-01   1.4724757e+00   6.9262643e-01   2.3826045e-02   4.8865154e-01  -1.6514456e+00
   2.0000000e+00  -4.5707990e-01  -9.1145761e-01  -1.1306519e+00  -2.3025991e-01   1.4500100e+00   1.5979820e+00   9.7229166e-01   6.7016980e-01   1.2287666e+00   8.4989704e-01
   2.0000000e+00   6.2494572e-01  -6.9561167e-01   4.8148491e-01   7.8307637e-01  -1.4268983e+00   2.9197913e-02   1.0758263e+00  -9.6058775e-01   1.5120638e+00   6.3665866e-01
   2.0000000e+00   1.5145804e+00  -7.2858433e-01  -8.4069993e-01  -6.1188457e-01  -4.0613620e-01  -1.4974887e+00   6.9819675e-01   9.5601092e-01   8.8809125e-01  -1.5721396e-01
   2.0000000e+00   4.3096343e-01   1.7382613e+00  -5.2120104e-01  -2.8437283e-01  -8.2988891e-01   2.4173667e+00  -8.6158547e-01   6.0521436e-01  -6.8235941e-01  -1.5740708e+00
   2.0000000e+00  -8.2003182e-02  -5.8359721e-01  -8.8030309e-01   9.5185134e-01   1.2435305e+00  -1.6445259e+00   4.6353253e-01   8.3721618e-01   6.5410584e-01  -1.6584757e+00
   2.0000000e+00   2.2996508e-02   8.5321749e-01   8.6079161e-01   8.0614968e-01  -8.5384804e-01   9.8380967e-01  -2.2905967e-01   4.0097283e-01  -2.4122561e-01  -2.3844551e+00
   1.0000000e+00  -9.5315609e-01  -5.0688373e-01  -1.1913325e+00  -8.5355643e-01  -1.2337184e+00  -3.5794529e-04   7.6911157e-01   5.8743584e-01  -4.6748434e-01  -1.4364748e+00
   2.0000000e+00   1.4933714e-01   4.5940384e-01  -9.3929322e-01   7.8838342e-02   1.0077253e+00   1.4582694e+00  -6.5870103e-01  -1.5009825e+00   9.4957736e-03   4.7953914e-01
   1.0000000e+00  -6.0551628e-01   4.3064492e-01  -2.8165920e-01   2.4585876e+00   6.9953871e-02   1.9105787e-01   1.0184581e+00   4.5454476e-01   5.2515025e-01   2.5412332e-01
   2.0000000e+00   1.1745953e+00  -2.3069546e-01   1.7362094e+00   9.9781845e-01   9.8471952e-01   1.6561439e-01  -5.3159721e-01  -2.6586681e-01  -2.1090273e-01   4.3212768e-01
   2.0000000e+00  -4.8861088e-01   3.4446858e-01  -1.0687287e+00   8.6843689e-01  -1.2180894e+00  -8.6275193e-02  -4.4393345e-01   2.1522822e+00  -1.0538287e+00  -4.4263027e-01
   2.0000000e+00  -5.5779542e-01  -4.0454551e-01   1.4008389e+00   5.6364530e-01   2.6572943e-01   1.0309985e+00  -1.6091358e+00   1.0407877e+00  -1.2254530e+00   2.4763044e-01
   2.0000000e+00  -3.3208375e-01   5.3715671e-01   9.4312634e-01  -1.0881036e+00   6.0498014e-01   2.0554379e-01   3.3431723e-01  -8.7116455e-01   2.6505084e-01  -1.7280115e-01
   2.0000000e+00  -1.0758423e-01   1.1264754e-01  -1.9050011e+00  -1.7596299e+00  -4.9426589e-01   4.0449280e-01  -2.3811872e-01  -1.6673262e-01   1.4797042e+00  -1.9026727e+00
   2.0000000e+00   2.3964534e-02   5.4363109e-02   8.8516033e-01   4.7792051e-01  -1.8689152e+00  -9.9645129e-01  -1.3815780e-01   9.5961969e-01  -1.1894598e+00  -1.2298992e+00
   2.0000000e+00  -1.2787567e+00  -7.7792622e-01   1.0023418e+00  -1.5696055e-01   1.6425672e+00  -1.6516457e+00  -1.0670721e-01  -1.8115631e+00   1.3610261e+00   6.6261749e-03
   2.0000000e+00  -5.4411057e-02   5.0680807e-02   1.1761929e+00  -1.6930160e+00   3.8358102e-03   1.2048686e+00  -1.3224949e+00   1.1562654e-01  -1.0969946e+00  -9.7373352e-01
   2.0000000e+00  -1.5774156e-01  -2.2407194e+00   2.3278975e-01  -1.5354933e+00  -1.5547347e-01  -7.0308473e-01   1.5340037e+00  -1.4818456e+00   3.6067890e-01  -1.0106600e+00
   2.0000000e+00  -8.0198778e-01   6.6493797e-01   4.4393886e-01  -1.1940193e+00   9.7179175e-01  -4.0012001e-01  -2.4286626e-01  -1.9487947e-01   1.2240462e-01  -9.1763399e-01
   2.0000000e+00  -3.6795946e-01  -2.6088818e-01  -7.4742187e-01   1.0096982e+00   3.3645888e-02  -8.9911676e-02   1.4789471e+00   2.5598864e+00  -7.3518716e-02   4.2230983e-01
   2.0000000e+00   7.9499939e-01  -5.5716403e-01   7.7815760e-01   1.0437446e-01  -8.5321501e-01  -2.5560273e-01  -1.1880933e+00   2.0518486e+00  -5.9871570e-01   1.0467835e+00
   2.0000000e+00  -1.6905953e+00  -1.0435532e-01  -6.2634039e-01  -5.7837233e-01   1.4082748e+00  -1.7684737e+00  -7.7333099e-01   7.0653335e-01  -9.6118932e-03   1.0013578e+00
   2.0000000e+00  -1.2552826e+00   9.4854411e-01  -2.9518035e-01   7.8128959e-01  -1.2482068e-01  -2.4624241e+00  -8.7463277e-01  -9.4694762e-01  -1.9344474e-01  -1.3670689e+00
   2.0000000e+00  -1.0438852e+00   1.4532482e+00   4.1091533e-01  -5.5244712e-01   1.5932185e-01  -7.9463298e-03  -8.9548348e-01  -1.4595184e+00   4.7348997e-01  -5.9770556e-01
   2.0000000e+00   5.1345157e-02  -8.9933301e-01   3.4721214e-01   6.7645015e-01   6.4434141e-01   7.3062626e-01   1.2820220e-01  -1.8225731e+00  -5.6142807e-02   1.1099638e+00
   2.0000000e+00  -1.4176188e+00  -1.5918762e+00  -2.7396234e-01  -4.9679854e-01  -1.8588369e+00   5.6043994e-01   4.1189548e-03   1.4324672e+00  -3.5776596e-02   4.8513444e-02
   2.0000000e+00  -2.5028163e+00  -2.9050987e-01   1.3136040e+00  -2.1397045e+00  -4.4732447e-01  -3.8566048e-01  -5.6557184e-02  -2.1776999e-01   6.2376388e-01   8.8697692e-01
   1.0000000e+00  -7.8425353e-01   7.1956937e-01   4.5796175e-01   1.0366484e+00  -2.1528078e-01  -5.8430585e-01  -1.1193376e+00   2.1816853e-02  -3.9293080e-01   1.0381656e+00
   1.0000000e+00   9.3264877e-01  -2.5726603e-01   1.2283373e+00   3.0979303e+00  -9.1780273e-01   5.9490448e-01   3.8926149e-01   3.3052321e-01   7.6781036e-01   1.1460618e-01
   2.0000000e+00  -1.4338558e+00   6.1433098e-04   3.8375370e-02  -2.4694294e+00   6.2210027e-01   7.2837342e-01  -1.3416375e-02  -2.1360867e-01   1.5411667e+00  -2.4592564e-01
   1.0000000e+00  -4.7552788e-01   1.8904880e+00   7.1308859e-01  -2.1680975e+00  -1.3427336e+00   1.8908395e-01  -1.0408315e+00   1.0073727e-01  -8.3846383e-01   2.1911043e+00
   2.0000000e+00  -1.7642927e+00   8.2763746e-03   1.3149683e+00   1.9182176e+00  -1.0907120e+00  -1.0998188e+00   1.2460914e+00   1.3596854e+00  -1.4700473e+00  -1.6898197e+00
   2.0000000e+00  -1.7780754e-01  -7.1735805e-01  -5.3715642e-01  -1.7826374e-01  -3.8526620e-01   1.3335282e-01  -2.1998342e+00  -1.9166993e+00   1.2737856e+00   2.0361799e+00
   1.0000000e+00  -3.6574289e-01   1.8206539e-01   1.2921609e+00  -1.7039565e+00   1.1725671e+00  -6.0891933e-01  -1.2575194e+00   4.4805031e-01   1.3143184e+00   7.5474871e-01
   1.0000000e+00   1.8211529e+00  -3.0168728e-01   4.3908297e-01   4.5887541e-01  -1.1464588e+00  -7.5019073e-01  -1.4799240e+00   1.2452408e-01   4.4838855e-01   1.6908980e+00
   2.0000000e+00   1.2649482e+00   7.6699873e-01   1.4872972e-01   1.2790264e+00  -5.1202484e-01   8.3410640e-01   4.6006076e-01  -8.4575523e-01  -6.3565566e-01  -1.0836858e+00
   2.0000000e+00  -1.8458301e+00  -1.1073341e+00  -1.1319310e-01  -8.5024135e-01  -9.3940697e-01  -9.9722813e-01   5.2507840e-01  -8.8691132e-01  -7.4290566e-01   1.1136581e+00
   2.0000000e+00   2.2234226e+00  -1.1401048e+00   1.5170086e+00   6.2789955e-01  -3.7515057e-01   8.8021657e-01   1.2579638e+00  -5.0966413e-01  -8.1881847e-01   1.1193307e+00
   1.0000000e+00   6.0266122e-01   7.4972214e-01  -5.6044801e-01   1.2172746e+00   1.3035680e+00  -8.8765988e-02  -1.2813674e+00   8.0863262e-02   7.8978816e-01   1.2982220e+00
   2.0000000e+00  -1.0435841e+00   3.2397595e-01   6.1642338e-01  -8.4132237e-02   6.5580215e-03  -1.4126570e+00  -4.3977434e-01   6.5830961e-01  -3.8754622e-01  -1.2949385e+00
   1.0000000e+00   6.6303700e-01   6.5425363e-01   1.0121822e+00   1.5435648e+00  -1.0471576e+00  -6.4570022e-01  -1.1876747e+00   1.9917643e-01  -1.3543296e+00  -1.3983251e+00
   2.0000000e+00  -8.1499399e-01   1.8030743e-01   7.5283136e-01  -2.4320303e-01  -2.2294035e+00  -4.5966006e-01  -9.8530283e-01  -1.3731808e+00  -1.0727627e+00   2.3544138e-01
   2.0000000e+00  -4.7741062e-01   1.1652610e-01   8.6064080e-01   2.7615096e+00  -1.5169655e+00   1.2425030e+00   1.1007713e-01   6.9919897e-01  -6.3329514e-01  -1.2289316e+00
   1.0000000e+00   1.1262429e+00  -2.9837619e-01   1.1102411e-01  -6.9583440e-02   1.0068283e+00  -4.0472053e-01  -1.3978682e+00   7.2322318e-01  -4.9457092e-01   2.0588992e+00
   2.0000000e+00  -1.9519137e+00  -6.2456043e-01  -1.2875107e+00   1.9894035e-01   8.6021325e-01   5.1330079e-01   2.4959446e-01   1.4167761e+00  -6.1823929e-02   1.0336737e-01
   2.0000000e+00  -1.0968822e+00   3.8909092e-01   9.6597239e-01  -1.5263119e-01  -1.6260314e+00   8.9816879e-01   9.4205245e-01   1.1915824e+00  -2.7543196e-01  -2.0136446e-01
   2.0000000e+00  -1.1683708e+00   6.8301579e-01  -6.3360987e-01  -8.6326041e-01   9.5289334e-01  -9.2751707e-01   1.4642785e+00   1.3130070e+00   1.2329961e+00  -8.3452059e-01
   2.0000000e+00   1.8053669e+00  -7.5871072e-02  -3.6456105e-01  -7.1514340e-01  -3.8259285e-01  -1.8977295e-01   3.2986289e-01  -6.5216847e-01   1.5497555e+00  -5.9312493e-01
   2.0000000e+00   4.8498169e-01   1.2487145e+00   1.6472334e+00   2.4245601e-01   3.7813456e-01  -8.8927428e-01  -1.2189287e+00   3.4132283e-01  -2.3214587e-01  -3.1621727e-01
   2.0000000e+00   1.4467360e+00  -1.2762377e-01  -3.2704725e-01  -3.1720021e-01  -1.0212011e+00   1.0770945e+00  -4.7194846e-02   1.7546676e+00  -1.4233654e+00   5.0883841e-01
   1.0000000e+00   1.2238408e+00  -4.8008626e-01   8.9713380e-01   9.1837269e-01   1.9318084e+00  -3.2697340e-01  -1.0182838e+00   3.4224315e-01  -1.2159994e+00   8.5683281e-01
   2.0000000e+00   1.4231961e+00  -8.9626410e-01  -9.1897644e-01   9.9951945e-01   7.6869785e-01   5.9133043e-01   4.7278561e-01   1.1872457e+00  -5.8509907e-01  -6.4000148e-01
   2.0000000e+00   7.7377424e-01  -1.2065625e+00   1.1219077e+00   1.6272568e+00   5.4119150e-01   5.9619035e-01  -6.0704565e-01   1.5224876e+00  -1.7023227e+00  -4.4468916e-01
   2.0000000e+00  -8.0863856e-01   4.3017058e-01  -9.0532488e-01   1.4796776e-01   1.5974454e-01  -5.1561301e-01  -9.6833530e-01  -9.7812641e-01   7.1753813e-01  -1.2038465e+00
   2.0000000e+00  -1.1856215e+00   7.7535169e-02   1.1369402e+00   3.9160094e-01  -6.3189882e-01   8.6308356e-01  -1.3784475e+00  -2.2967363e-01   3.3124970e-01   2.7266916e+00
   2.0000000e+00  -6.3390334e-01   1.8809052e+00  -5.7837738e-01  -1.2410158e+00   1.0403873e+00  -6.2735578e-01   1.1016903e+00  -4.1506747e-01  -4.0619482e-01  -4.8920841e-01
   2.0000000e+00  -3.4624683e-01   6.5892524e-01  -4.7593364e-01  -5.4879022e-01   1.3898272e+00  -3.2998906e-01   1.0111391e+00   9.7007424e-01  -1.2062232e+00   7.8395304e-01
   2.0000000e+00  -8.5694859e-01   1.6836032e+00   1.5977604e+00  -7.7336512e-01  -4.2283984e-01  -1.9331455e+00   1.2981156e-01   8.8650198e-01   2.6186257e-01  -2.7399414e-01
   2.0000000e+00  -1.1373504e+00  -1.1941262e+00  -3.6606273e-01  -1.1610994e+00  -2.4015060e-01  -8.1772178e-01   9.7619217e-01  -1.0263687e-01   3.2265789e-01  -1.0705855e+00
   2.0000000e+00  -1.1085075e+00   2.8610279e-01  -4.8904653e-01   3.1469601e-01  -1.3348555e-01   3.5684871e-01  -1.8028521e-01   9.7965158e-01   4.0753917e-01   2.1043242e-01
   2.0000000e+00   5.0450444e-01   2.1774857e+00  -3.8563661e-01   1.4572828e+00   3.9524393e-01   1.3396608e+00   2.1648508e+00  -2.8872680e-01   6.9018401e-01  -5.5567184e-01
   2.0000000e+00  -1.3049163e-01  -1.0735229e+00  -7.4914262e-01   2.8449330e-01  -4.6070125e-01   1.3190713e-01  -3.5834769e-01   1.3711841e+00   1.0102331e+00  -1.6419991e+00
   1.0000000e+00   1.3991478e-01  -2.4922220e-01   7.4824230e-01  -2.9900285e-01   5.4813915e-01  -8.1193723e-01  -6.0860776e-01   1.1275488e-01  -6.3376384e-01   1.2221798e+00
   2.0000000e+00  -6.4953166e-02   9.4846857e-01   3.7768111e-01  -4.9784429e-01   1.1418749e+00   6.2270908e-01   1.6367514e+00  -8.0753413e-01  -8.8966602e-01   1.2357626e+00
   2.0000000e+00   1.3624644e-01   6.6970591e-01   2.4823951e-01  -5.6467814e-01  -9.6041540e-01  -1.7083913e+00  -2.3895438e+00   2.1969589e-02   8.2674688e-01   1.4347853e+00
   2.0000000e+00  -4.7480989e-01  -9.9821488e-01   1.0510272e+00  -6.5045730e-01  -4.7106442e-01   1.3431552e+00  -7.4487238e-01  -1.8689823e+00   9.9235315e-01  -8.8485177e-01
   2.0000000e+00  -8.7545901e-01   1.1784474e+00   7.5035348e-01   1.9393134e-01  -9.1700659e-01   1.7461502e+00   5.2379958e-01   6.7464350e-01  -1.9488782e-02   1.2688139e+00
   2.0000000e+00   9.4952756e-02  -7.3173326e-01  -2.6252912e-01   4.0897957e-01  -1.2646973e+00   4.0079703e-01   7.5714272e-02  -1.6386581e+00  -8.5720954e-01  -3.6187292e-01
   1.0000000e+00   8.4519547e-01  -5.2616687e-01  -6.0296863e-01   2.2902176e+00  -1.0291761e+00   2.2363931e-01  -3.3217267e-01   5.6335789e-01  -1.0046199e-01  -1.4887208e-01
   2.0000000e+00   1.4275178e-01   1.9526555e+00   1.9635784e-01   9.9834793e-01  -3.0434124e-01   3.9971931e-01   5.7471481e-01  -3.7323385e-01   1.2126488e+00   1.3526558e+00
   2.0000000e+00  -6.8730745e-01  -3.7892446e-01   1.9487808e-01   5.0162737e-01  -6.5277099e-01  -5.0432569e-01   1.2035294e+00   9.0570826e-01   2.3237212e-01  -1.2430260e-01
   2.0000000e+00  -2.0074093e+00  -6.0838534e-01  -4.5577082e-01   4.1716810e-01  -2.5573910e+00   1.5520113e-01  -1.0776275e+00  -9.3050598e-01   9.4381368e-01   6.1232206e-01
   2.0000000e+00   5.8500894e-01  -1.8675681e-01   1.3915768e+00  -4.4806078e-01   1.9559187e+00  -3.4263430e-01  -2.0679611e-01  -6.6451945e-01   2.2521123e+00   1.4349790e+00
   2.0000000e+00  -1.6580075e+00  -1.2922954e+00  -1.3472604e+00  -6.1150827e-01   3.4440350e-01   3.3502662e-01   8.5316174e-02  -1.6110642e-01  -1.2883996e+00  -4.6946383e-01
   2.0000000e+00   1.2123764e+00  -9.9796160e-01   5.6241005e-01  -1.5034444e-02  -5.9175770e-01   5.7246385e-02   7.9442593e-01  -7.0594488e-01  -2.5234912e-01  -1.7116358e+00
   2.0000000e+00  -5.8148447e-01  -7.0246818e-01   1.1082982e-01   1.0520296e+00  -7.9103425e-01  -3.6064751e-01   2.0191637e+00   1.0657979e+00   9.1575502e-01   9.7523768e-01
   2.0000000e+00   1.8089485e-02   1.0276216e+00   5.6981850e-01  -2.3147070e-01  -1.4992250e-01  -2.3580903e+00   7.6629756e-01   2.0341129e+00   1.0442103e+00  -1.8170077e+00
   2.0000000e+00   1.9853486e-01   1.2709331e+00   7.1969116e-01   1.2246619e+00  -6.2775286e-02   1.4488890e+00   9.5746478e-02   1.0466670e+00   1.3641927e+00  -2.0994558e-01
   2.0000000e+00  -9.6645665e-01  -2.2950032e-01  -6.4456298e-01   5.7297675e-01   6.7558363e-01   9.0073177e-01   1.0316673e+00   1.2448533e+00  -1.0620861e+00  -1.6968459e+00
   2.0000000e+00   1.1163236e+00  -5.5617518e-01  -8.1517831e-01  -6.6460587e-01   2.3067101e-01  -8.9960459e-01   3.0327659e-01   5.9749015e-02  -1.3533640e+00  -7.0961215e-01
   2.0000000e+00  -2.1727529e-01   6.9082270e-01  -1.0496753e-01   1.5942649e+00   3.1336776e-01   9.2689376e-01  -6.8592765e-01  -1.6003320e+00  -7.0178076e-01  -1.5878066e+00
   2.0000000e+00   2.4095934e-01   1.8155938e+00  -2.5905814e-01  -1.8299766e+00   5.8237982e-01  -1.0474640e+00   4.6126039e-01   1.3874092e-01   1.5796739e+00   1.1348359e+00
   2.0000000e+00   7.2424021e-02   1.1064699e+00  -8.8520327e-01   9.8703332e-01  -1.7622859e+00  -1.3466698e+00  -1.5683876e+00   1.2120418e+00  -4.3649995e-01   4.4684890e-01
   1.0000000e+00  -7.0017799e-01   5.1049547e-01   1.4536903e+00  -5.3506891e-01   9.8149075e-01  -1.4955217e-01  -4.4688370e-02   2.7039916e-01  -3.9863355e-01   2.3315220e-01
   2.0000000e+00   4.1668977e-01   1.2153830e+00   1.3872985e+00  -5.2537215e-01   1.5485419e+00  -3.4240589e-01   2.8897628e-01  -2.8100618e-02   6.9145666e-01  -3.1243952e-02
   2.0000000e+00   1.4714111e+00  -1.2939492e+00  -1.5893747e-01   4.6386222e-01  -1.7761825e-01  -2.7937166e-01   5.5376062e-01  -3.7563861e-01   6.0827405e-01   1.7027129e+00
   2.0000000e+00  -1.9052164e+00  -1.8546232e-01  -8.9729461e-01  -1.3605518e+00   9.2582530e-01  -1.8285443e+00  -1.1498120e+00   4.4037100e-01  -6.8777419e-01  -1.5551436e+00
   1.0000000e+00  -3.2973829e-01   1.7576289e-01  -2.2994556e-01  -9.2859284e-01   4.3791274e-01  -3.7653594e-01   3.9172863e-01   3.7070341e-01   5.8014341e-01   1.5081441e+00
   1.0000000e+00  -1.2099177e+00  -8.4755625e-01   4.2815753e-01   4.0266578e-01   3.8807957e-01  -2.0397675e-01  -7.3669423e-01   2.8651773e-01  -8.1240619e-01  -6.4142744e-01
   2.0000000e+00   1.6396790e+00   1.8354650e-01   7.1115591e-01  -7.2141726e-01   1.8683895e-01   8.4606341e-01   1.1364614e+00  -2.6819310e+00   3.5759892e-01   1.1693824e+00
   2.0000000e+00  -1.5009290e+00  -1.6072872e-01   1.8209014e+00   4.1710806e-01  -1.6366054e+00   1.8938985e+00  -3.9052431e-01   2.9829797e-01  -3.5794470e-01   2.4088215e+00
   2.0000000e+00   8.7000946e-01  -3.7150205e-01   7.0381912e-02   8.7793099e-01  -5.0556474e-01  -9.6359722e-01   3.6104501e-01  -4.6468063e-02   2.4848558e-01  -4.4858557e-01
   2.0000000e+00  -1.1566221e+00  -1.3677294e+00   8.5007062e-01   4.4919694e-01   2.9947334e-01  -1.5574780e+00   1.8356719e+00   3.5134883e-01  -1.2775504e+00  -2.7502111e-01
   1.0000000e+00  -7.0204421e-01  -1.1811426e+00  -9.9527578e-01   1.8787343e-01   1.0801404e+00  -5.1987608e-01   6.1687010e-01   4.0800259e-01   2.1238816e-01  -3.4026831e-01
   2.0000000e+00  -2.3021148e-01  -6.0828570e-01   9.4625896e-01   1.4686528e+00  -4.5996125e-01   8.4676693e-01  -1.5700827e+00   9.0033626e-01   1.2591866e-01   5.3073850e-01
   2.0000000e+00  -1.5673330e+00   1.3537578e+00   4.9836693e-01  -9.6034604e-01  -3.5830321e-01  -1.7895477e-02  -1.7887383e+00   2.8629192e+00   1.8725847e+00  -9.8351442e-01
   2.0000000e+00   4.7202299e-01  -7.4942199e-01  -4.8021347e-01   5.0916589e-01  -1.7383874e+00  -9.9815557e-01  -8.4999032e-01  -1.0695166e-01  -1.2985120e+00   5.5286377e-01
   1.0000000e+00   4.9894803e-01   1.3459357e+00  -1.2564124e+00  -9.1048877e-01   1.2918090e+00   2.5149867e-01  -4.2110488e-01   8.2551931e-01   2.5075345e+00  -2.1697943e+00
   2.0000000e+00   1.1647061e+00   1.0398876e-01   7.2760883e-01  -1.2983938e+00   1.0208351e+00   1.5077210e-01  -9.3204924e-01  -9.5529857e-01  -1.3565162e+00   5.0624064e-02
   2.0000000e+00  -3.1482913e-01   1.4825559e+00   1.1021811e+00  -5.3604490e-01  -6.6849665e-01   9.2241023e-01   1.3582617e+00   1.1686347e+00  -4.9733236e-01   4.5441780e-01
   2.0000000e+00   8.3937176e-01   4.7105019e-01  -1.4006978e+00   1.0041438e+00   3.9552073e-01  -8.6659281e-01  -6.7366592e-02   7.4868357e-01  -1.0395381e-02   8.7170276e-01
   2.0000000e+00  -1.0985097e+00   2.3082001e-01  -1.9741929e+00  -1.8536531e-01   4.6278775e-01  -2.5440453e+00   8.2385008e-01  -1.6603642e-01  -1.2526015e+00  -2.2286878e+00
   2.0000000e+00   2.7115340e-01   1.4940007e+00  -3.8651486e-01  -8.2219241e-01  -6.7124896e-01  -6.9215396e-02   8.1695059e-01  -6.5017337e-01   2.0470260e+00  -7.0332506e-01
   2.0000000e+00  -5.1617730e-02  -1.2117093e+00  -1.1626890e+00   1.4702226e+00  -3.7240118e-01   1.5260069e+00   7.8614890e-01   3.0483593e-01   4.3641114e-01   7.6065784e-02
   2.0000000e+00  -1.5883954e-01   1.5686122e-01  -4.0491017e-01   1.0321941e+00   2.0011230e-01  -1.0469499e-01  -1.1668579e+00  -2.6666917e-01   7.0712412e-01  -2.2590695e+00
   2.0000000e+00   4.4326462e-01   8.7129187e-01   1.2132020e-01   1.7736896e+00   6.9935480e-01   9.4670448e-01   1.3980491e+00  -2.9543126e+00   2.2105859e-01   1.2306239e+00
   2.0000000e+00  -4.6086367e-01  -4.2759970e-02   6.8226869e-01  -5.4763476e-02  -1.3062813e+00  -1.8285305e+00  -2.0121290e-01  -1.3823270e+00   1.9327796e-01   6.2620821e-01
   2.0000000e+00   5.3986664e-01   6.7048842e-01  -1.1716935e+00  -2.3691203e+00   1.2651223e-02   1.2786759e+00   1.3884879e+00  -6.2943424e-01  -1.1743542e-01   8.2378503e-01
   2.0000000e+00  -1.1573736e-01   1.5095599e+00  -9.9092235e-01   7.8554877e-01   1.4237662e+00   1.4620055e+00   3.6234747e-01  -1.6449205e+00   5.5134908e-01   1.5412943e+00
   1.0000000e+00  -1.6167732e+00  -1.9129423e-01   1.7145391e+00   2.7685646e-01   2.8948718e+00  -1.5383933e-01  -2.1412441e-01   4.9423237e-01  -8.4057240e-01   1.5385089e-01
   2.0000000e+00  -5.9327052e-01   7.9275440e-02   1.8428056e+00  -1.3374752e+00   1.3678808e+00  -1.9511330e-01   6.4746237e-01  -3.2754695e-01  -1.7196357e-01  -4.1295976e-01
   2.0000000e+00  -1.1301145e+00  -9.1203026e-01   2.2110573e+00  -3.2827540e-01   1.2181860e+00  -8.8821184e-01  -2.1976525e-01  -4.1312275e-01  -4.2429786e-01  -5.6661232e-01
   2.0000000e+00  -2.4311259e-02  -1.7334964e-01  -2.1343691e+00   6.6673876e-01  -1.6377389e+00   8.0227417e-01  -1.0449947e+00   7.9971167e-01  -7.0161886e-01   5.9919824e-01
   2.0000000e+00  -2.5477336e+00  -1.1229058e+00   8.4483355e-01   9.2632405e-01  -1.2221896e-01   6.6721046e-01   1.5984696e+00   1.1417295e+00   8.1512221e-01   8.3416756e-01
   1.0000000e+00  -5.3020839e-01  -1.8406462e+00   2.3744134e-01   1.2393879e+00  -6.9738230e-01  -6.7040380e-01   7.1440529e-02   5.8867382e-01  -5.9643392e-01  -1.3267934e+00
   2.0000000e+00  -9.8884444e-02  -4.6142264e-01  -1.5601930e+00  -6.4014446e-01  -7.0093277e-01   1.5656799e+00   4.3081432e-01  -8.3859648e-01  -7.3871635e-01  -3.3316329e-01
   2.0000000e+00  -1.6990399e+00  -8.1227265e-01  -6.1991847e-02  -7.4731636e-01  -1.2034054e-01   1.3783292e+00  -9.6967049e-01  -9.1720031e-01   8.9578300e-01  -2.0385268e+00
   2.0000000e+00   1.5243930e+00   8.0726500e-01   1.8503507e-02   1.1125949e+00   1.0855024e+00   1.0125057e+00  -6.2634492e-01  -1.6714271e+00   6.4408190e-01   3.0225978e-01
   2.0000000e+00  -3.3993773e-01  -9.6200009e-01  -6.2491623e-01   1.5062137e+00   1.2727242e+00  -4.7765090e-01   2.9032888e-01  -1.7071337e-01   8.1873669e-01   1.2479391e-01
   2.0000000e+00   1.1011996e-01   1.2901403e+00   1.2649625e+00   6.8387910e-01  -2.1543841e+00   4.8823498e-01   9.9018209e-01  -1.1225016e+00  -1.9052705e-01  -1.9249062e-01
   2.0000000e+00   6.8053970e-02  -4.3151430e-01  -1.8434378e+00  -3.1996407e-01  -8.3496415e-01   1.8207188e+00   1.4504611e+00   7.7136678e-01   1.5389612e+00   8.2813530e-01
   2.0000000e+00  -8.1711234e-01   9.2461378e-01  -1.3854616e+00  -5.1705784e-01   1.3921814e+00   1.2299212e-02  -1.9996253e+00  -3.8896804e-01   6.9537872e-01  -6.4896279e-01
   2.0000000e+00  -6.7277472e-01   6.5550545e-01   4.5728000e-01  -1.5806869e+00   2.1476099e-01  -9.1942830e-01   1.3889118e-01  -4.4146938e-01   6.3925458e-02   5.9228397e-01
   2.0000000e+00  -3.2383928e-02  -2.8366991e+00   1.5856771e+00  -1.2809893e+00  -2.7572828e-01   1.8831237e-01  -2.9354420e-01   3.1889679e-01  -1.3531251e-01  -1.2327672e+00
   1.0000000e+00  -2.0536719e+00   1.1298292e-01  -9.1469537e-01  -9.0470736e-02   1.7115336e-01  -7.7332117e-01   1.5168701e+00   4.4821134e-01   6.3528202e-01   1.6858200e+00
   2.0000000e+00  -1.1087079e+00   9.8235046e-01  -1.3403088e+00  -1.1071099e-01  -6.2188435e-01  -9.5686968e-01  -1.1518631e+00   2.5014012e-01  -1.9831850e+00   2.3247441e-01
   2.0000000e+00  -3.4947769e-01  -1.7229145e+00  -1.7921666e+00   1.5051518e-01   1.7809784e+00   8.9210938e-01  -9.9172395e-02   7.4515686e-01   9.3932428e-01  -4.2947711e-01
   2.0000000e+00   2.6068836e-01   4.3493258e-02   1.4403549e+00  -1.6798364e+00   5.1147404e-01  -2.3618101e+00   7.5006743e-01   3.0465303e+00   2.5265188e-01   1.2807203e+00
   2.0000000e+00  -1.9445132e-01   1.1764009e+00  -7.7983344e-01   8.2721766e-01  -1.3634277e+00   6.6533397e-01   6.6728825e-01  -3.4134485e-01   1.5064979e-01   3.8502397e-01
   1.0000000e+00  -1.9031494e+00   3.2283293e-01   1.7037050e+00   2.8971242e+00  -3.6127822e-01   8.0366242e-01   1.9552797e-01   3.3816562e-01  -6.7673964e-01   1.1868339e+00
   2.0000000e+00  -2.8253477e+00   4.1348504e-01   6.4805293e-01   2.2875151e-01   1.8315042e-02   2.9074897e+00   1.4651529e-01  -9.4502612e-01  -6.8263179e-01   1.2529462e+00
   1.0000000e+00  -5.8460169e-01  -1.0964499e+00  -1.2554766e+00   1.2670906e+00  -1.1221146e+00   1.2272633e-01   1.0506482e-01   4.2833518e-01  -5.4418699e-01   3.2069793e-01
   2.0000000e+00  -2.5613771e-01  -1.0933191e+00   1.2524083e+00   1.7863064e-01  -1.6780428e+00   2.0682911e+00   5.0209489e-01  -7.8459739e-01  -1.0002273e-01  -1.2527616e+00
   2.0000000e+00  -1.6438025e+00   6.3274815e-01  -3.9386247e-01   1.0725214e-01   6.9807848e-01  -1.0592540e-01  -5.0028370e-01  -5.3110237e-01   5.6073242e-01   2.5218147e-01
   2.0000000e+00  -4.8982851e-01   9.3818013e-01  -5.5533634e-02  -5.4011193e-01  -1.6000661e+00   6.9190230e-01  -1.1234310e-02   9.7701342e-01  -1.8004967e-01   2.1481108e+00
   2.0000000e+00  -1.8370042e+00  -1.2097259e+00   2.6219989e-01  -1.3618924e-02  -1.3440320e+00   1.8326686e+00  -1.1553015e+00  -4.6563603e-01   1.4152948e+00   1.5806674e+00
   2.0000000e+00   2.1173852e+00  -1.2777407e+00  -1.2324346e+00   2.2568997e-01  -1.7211263e+00   4.9715497e-01   6.1614921e-01  -1.1406398e+00   7.3008427e-01  -2.1630301e+00
   2.0000000e+00   2.9202122e-01   6.3405267e-01   2.6948952e-01   1.8220658e-01   1.3433978e+00  -1.2672868e-02   6.2190363e-01   1.2877369e+00  -1.2711805e+00   3.3801878e+00
   2.0000000e+00  -5.6451386e-01  -5.1618722e-01  -8.2239552e-01  -2.8875076e-01  -2.1006674e-01   3.3655118e-01  -1.3194290e+00  -5.6127396e-01  -1.7405465e+00   3.0293970e-01
   2.0000000e+00   2.5521054e-01   6.8890960e-01   8.4562369e-01   1.0565640e+00   1.4221040e+00  -1.1323680e-02  -1.3074348e+00  -1.0455974e-01  -1.3568477e+00  -5.7910586e-01
   2.0000000e+00  -1.8551865e-01   9.4580924e-01   1.4056532e-01   1.2404099e+00   1.1482078e+00   1.7870937e+00  -2.0007633e-01  -2.4612932e-01   8.3893813e-01  -1.2447008e+00
